0.245726
0.248183
0.590167
0.663937
0.666425
0.67792
0.682273
0.698254
0.702722
0.703336
0.705357
0.705746
1.57826
1.86506
1.86689
1.86872
1.8693
1.90284
121.876
121.928
121.931
121.949
122.804
122.807
122.807
123.427
123.427
124.883
125.077
126.326
155.757
156.355
156.356
156.374
205.327
205.649
205.966
213.728
296.277
300.567
300.901
301.464
301.466
322.504
325.034
329.318
339.476
339.631
339.631
339.762
342.322
342.397
345.42
345.422
347.041
377.131
382.589
427.396
427.88
427.913
427.939
431.475
431.58
431.584
431.706
438.897
444.829
445.334
467.111
467.111
467.339
467.34
467.405
501.362
501.508
504.925
504.926
