0.421704
0.426335
0.484009
0.533378
0.555833
0.558338
0.62108
0.717318
0.718646
0.756779
0.819282
1.05499
1.12285
1.2228
1.22893
1.24755
1.32311
1.32554
1.40001
1.40025
1.40279
1.6147
1.69543
1.88767
2.14018
3.28436
3.28642
3.74651
4.02521
5.12177
5.1238
5.27025
5.33107
5.35437
5.36496
5.36519
5.46216
7.40237
7.45736
7.52769
7.7884
8.1459
8.16766
9.47843
10.2721
10.6755
10.829
11.307
11.3107
11.3109
12.0033
12.037
12.1512
12.9668
13.425
13.5338
13.7345
13.7877
13.7885
14.6109
14.9481
14.99
15.0971
15.0995
15.2725
15.3208
15.4717
16.3953
16.3959
16.8158
16.8322
16.8968
17.5555
17.6621
17.8996
17.9001
18.3792
18.3838
18.4225
19.0187
19.3572
19.36
19.3619
19.362
20.0792
20.2456
20.2467
20.4101
20.4111
20.4118
20.42
20.4293
20.4305
20.7118
20.9238
21.045
22.1987
22.3577
22.3878
22.4237
22.632
22.8477
24.6303
24.631
24.6584
25.0443
25.0451
25.1137
26.4092
27.0121
28.4388
28.4412
29.4305
29.432
29.4329
29.4802
29.9287
30.0447
30.0553
30.0596
30.2949
30.3661
30.6784
30.8022
30.8041
30.8203
30.9951
31.2721
31.4949
31.5797
31.5888
32.3884
32.4782
33.1967
33.2994
33.3011
33.4278
33.4456
33.4689
33.9041
33.9122
33.9137
33.9139
33.9153
34.2309
34.2333
35.3197
35.5042
35.5221
35.5733
35.586
35.5865
35.6138
35.767
36.2212
36.3317
36.813
37.0042
37.0043
37.0046
37.6084
37.6137
37.8527
37.9267
38.2506
38.3009
38.4922
39.2123
39.9805
40.0019
40.0019
40.044
40.4471
40.9111
42.3761
42.4428
44.4131
44.6193
44.7948
45.2986
45.3485
45.3497
45.4093
45.8536
45.8696
46.4222
46.4371
48.3091
48.5186
49.4574
49.6538
49.6551
50.2687
51.1015
51.9948
52.8143
53.9422
53.9456
53.9855
54.0121
54.0603
54.4926
54.59
54.9817
55.5599
56.1312
56.2936
56.356
57.5038
58.9652
58.9678
59.4633
59.6257
59.6259
59.8186
59.8473
60.1542
60.2469
60.4743
60.5866
60.6872
60.6887
60.705
60.7052
61.1086
61.1153
61.1812
61.2954
61.7945
61.7946
61.938
62.0689
62.3571
62.4729
62.5983
63.0732
63.0757
63.9218
63.9229
64.5016
64.7304
64.7309
64.7315
64.7452
64.8027
65.1383
65.1384
65.749
65.8437
65.8559
65.8899
65.8908
65.9332
65.9336
66.0916
66.2833
66.2911
66.4448
66.988
66.9935
69.6118
69.6409
69.8114
70.4042
70.4217
70.5988
70.8338
70.8338
70.8616
71.4076
71.4664
71.6288
72.2084
72.3513
72.468
73.2581
74.028
74.0601
74.1086
74.1521
74.4423
74.8026
74.8256
74.9121
75.1665
75.1669
75.6514
75.9408
75.9668
76.0453
76.0454
76.4013
76.4017
76.4022
76.4026
76.4044
76.4461
76.6934
76.6955
76.9672
76.9689
76.9699
77.0103
77.256
77.2831
77.2875
77.3463
77.9395
78.6639
78.7139
78.938
80.2985
80.2991
82.2818
82.2835
83.9008
84.5138
84.533
84.777
84.8168
85.0721
85.0788
85.6534
85.8179
86.1055
86.1706
86.1718
86.1719
86.2123
86.2127
86.2501
86.2508
86.3861
86.4254
86.4277
86.6642
86.8516
87.192
88.8841
89.7278
91.4883
91.5647
91.5672
92.9859
93.497
93.4976
93.6231
94.4735
94.4752
94.7151
94.7161
94.7169
94.9275
94.9635
94.9733
94.9734
94.9738
95.2237
95.7015
96.6642
97.1741
98.32
98.4078
98.4096
98.5796
98.5798
98.5799
98.5814
98.6177
98.7136
99.6828
99.6938
99.694
99.8077
99.8081
99.8088
100.005
100.336
100.358
100.919
101.573
101.705
101.725
101.778
102.019
102.175
102.279
102.348
102.348
102.349
102.426
102.479
102.9
102.9
102.9
103.087
103.254
103.367
103.495
103.529
103.615
103.94
104.057
104.53
104.531
104.661
104.802
105.404
105.7
105.773
106.666
106.916
107.017
107.089
107.09
107.17
107.434
107.48
107.484
107.485
107.886
107.887
107.888
107.928
107.929
107.931
108.425
109.342
109.343
109.345
109.346
109.393
109.506
109.602
110.057
110.057
110.597
112.623
112.627
112.628
112.764
113.2
113.203
113.206
113.308
113.309
113.761
113.936
114.283
114.361
114.365
114.455
114.458
114.458
115.39
115.391
115.584
115.615
115.729
115.877
115.881
115.883
117.754
117.755
118.429
118.599
119.905
119.907
119.916
120.134
120.244
120.542
120.738
120.906
121.017
121.103
121.103
121.367
121.368
121.617
121.617
121.678
121.679
122.018
122.02
122.257
122.305
122.64
122.847
122.989
123.081
123.243
124.181
124.839
124.902
124.968
124.986
125.145
125.268
125.447
125.757
126.075
126.528
126.528
126.678
126.679
127.344
127.958
127.958
128.002
128.006
128.006
128.011
128.217
128.263
128.405
128.406
128.425
128.533
128.639
128.829
129.294
129.312
129.407
129.407
129.768
129.77
129.774
129.774
129.926
129.947
129.947
129.98
130.051
130.379
130.548
130.665
130.745
130.86
130.863
131.698
131.715
132.041
132.069
133.781
135.435
135.518
135.937
135.939
136.408
136.745
136.95
136.96
136.961
136.961
137.277
137.64
137.678
137.679
137.685
137.997
138.019
138.315
138.774
138.775
138.83
139.015
139.028
139.028
139.028
139.205
139.351
139.372
139.424
139.434
139.575
139.658
139.669
139.741
139.743
140.235
140.261
140.5
140.657
140.703
140.703
141.033
141.227
141.328
141.416
141.456
141.471
141.471
141.514
141.636
141.827
141.83
141.831
142.729
142.734
142.779
142.907
142.944
142.952
143.945
143.995
144.082
144.114
145.066
145.303
145.468
145.672
145.673
145.955
145.955
145.958
146.073
146.3
147.105
147.602
147.737
147.738
147.739
148.712
148.901
148.995
149.336
151.493
151.507
151.982
153.148
153.863
154.134
154.53
154.552
154.555
155.349
155.349
155.44
155.441
155.444
155.605
155.997
156.139
156.14
156.152
156.153
156.167
156.227
156.443
156.445
156.871
157.063
157.304
157.343
158.019
158.022
158.023
158.402
158.43
158.434
158.449
158.453
158.789
158.813
159.198
159.85
160.691
160.733
160.91
160.937
160.966
161.1
161.13
161.13
161.176
161.848
161.848
162.004
162.574
162.576
162.723
162.762
163.861
163.862
163.972
164.182
164.185
164.185
165.707
166.018
166.042
166.043
166.304
166.304
166.306
166.336
166.756
166.756
167.73
167.814
167.817
167.972
167.972
168.989
168.992
169.422
169.426
169.674
169.674
170.045
170.561
170.561
170.656
170.738
171.113
171.113
171.96
172.156
172.156
172.293
172.296
172.302
172.358
172.645
172.7
172.702
172.714
172.714
172.892
172.897
173.281
175.447
175.448
178.329
178.886
178.887
178.888
178.888
178.888
179.684
180.121
180.419
180.924
181.14
181.514
181.553
181.559
181.953
181.989
182.017
182.158
182.159
182.624
182.625
183.089
183.795
183.796
183.921
184.893
184.894
184.907
184.936
185.327
185.551
185.556
185.723
187.206
187.293
187.388
187.46
188.153
188.774
188.775
189.918
189.92
190.079
190.112
190.616
190.712
191.617
192.001
192.003
192.323
192.72
193.007
193.033
193.407
193.62
193.965
194.778
194.855
194.882
195.581
195.769
196.143
196.214
196.319
197.435
197.981
198.346
198.68
198.924
199.403
200.062
200.4
200.4
200.494
200.495
200.835
200.933
201.106
201.332
201.332
202.27
202.321
202.327
202.585
202.956
203.017
203.12
203.177
203.347
203.348
203.349
203.351
203.668
203.686
204.006
204.006
204.071
204.261
204.262
204.263
204.307
204.77
204.771
204.773
205.229
205.351
205.474
205.478
205.512
205.717
205.717
205.72
205.723
205.742
205.743
205.744
205.746
205.852
205.869
205.942
206.391
207.013
207.105
207.654
209.172
209.604
210.695
210.695
210.696
210.714
210.739
210.812
211.019
211.042
211.045
211.255
211.364
211.696
212.25
212.655
212.656
212.884
212.886
213.232
213.733
213.847
214.248
214.513
214.798
214.944
215.119
215.192
215.194
215.487
215.488
215.586
215.614
215.776
216.126
216.209
216.211
216.714
216.716
216.735
217.016
217.642
217.657
217.659
217.961
217.962
218.274
218.32
218.451
218.454
218.475
218.475
218.578
219.112
219.227
219.279
219.458
219.538
221.405
221.407
221.478
221.658
221.985
221.986
221.986
222.741
222.893
222.896
223.707
224.547
224.659
225.24
225.244
225.435
225.505
225.63
225.63
226.148
226.667
226.902
227.794
228.699
228.699
229.151
229.349
229.353
229.356
229.356
230.587
230.907
230.98
231.045
231.046
231.047
231.521
231.85
232.058
232.101
232.163
233.114
233.119
233.243
233.274
233.327
234.157
234.158
234.769
235.051
235.206
235.74
236.243
236.319
236.617
236.683
236.683
236.689
236.958
236.959
237.324
237.336
237.34
237.34
237.572
237.573
237.692
237.942
237.998
238.003
238.004
238.004
238.004
238.089
238.187
238.33
238.642
238.645
239.233
239.234
239.263
239.495
239.529
239.692
239.723
240.222
240.415
240.415
241.097
241.101
241.189
241.189
243
243.133
243.214
243.218
243.246
243.459
243.736
243.739
243.74
243.765
246.118
246.123
246.347
246.349
246.451
246.707
246.722
246.722
246.724
246.762
246.808
247.584
247.665
247.665
247.756
248.123
248.123
248.124
248.333
248.662
248.817
248.969
249.656
249.657
249.957
249.959
250.004
250.236
250.576
250.585
252.146
253.25
253.981
254.012
254.226
254.226
254.227
254.505
254.51
254.51
254.511
254.641
254.651
254.76
255.004
255.103
255.11
255.173
255.377
255.379
255.458
255.468
255.489
255.554
256.377
256.752
257.409
257.76
258.193
258.207
258.213
258.369
260.561
260.617
260.619
260.731
260.863
261.907
262.09
262.277
262.278
262.609
262.61
262.722
263.53
263.625
264.578
265.045
265.257
265.269
265.358
265.362
265.627
265.97
266.163
266.292
266.38
266.567
266.882
267.35
267.451
267.819
267.863
268.074
268.224
268.888
268.89
268.928
268.959
269.761
269.764
270.021
270.098
270.128
270.529
270.662
271.006
271.006
273.629
275.379
275.528
275.53
275.611
275.807
275.807
275.945
276.065
276.142
276.264
277.185
277.715
277.923
278.488
278.491
279.417
279.928
279.928
279.93
279.934
280.319
280.32
281.376
281.376
281.507
282.695
284.261
284.292
284.715
285.175
286.169
286.422
286.871
289.774
289.775
289.839
290.162
290.672
290.865
290.89
291.287
291.502
292.358
293.011
293.152
293.395
293.395
293.754
294.697
295.008
295.125
295.301
295.312
295.32
295.981
295.984
297.072
297.31
297.572
297.83
298.001
298.645
298.647
298.672
299.059
299.625
299.763
299.764
300.031
300.104
300.105
301.831
301.834
301.835
302.961
303.27
303.376
303.72
304.177
304.393
304.548
305.29
305.89
305.893
305.947
306.08
306.081
306.174
306.548
306.548
307.774
307.776
307.776
307.958
308.729
308.898
308.903
310.287
310.465
311.073
311.645
311.676
311.757
312.099
312.117
312.689
313.672
313.673
313.673
313.703
313.777
314.496
314.496
315.521
315.609
316.351
316.964
317.065
319.505
319.62
319.621
319.753
319.805
320.045
320.2
320.435
320.735
321.009
323.261
323.348
323.8
323.801
323.951
324.04
324.04
324.237
324.706
325.421
325.424
325.951
325.951
326.226
327.771
327.853
327.951
327.951
327.956
328.078
328.155
328.217
328.307
329.063
329.064
329.064
329.116
329.462
329.691
329.692
329.694
330.126
330.404
331.172
331.201
331.503
331.505
331.811
332.823
333.453
333.458
333.473
334.233
334.395
334.395
334.446
334.461
334.515
334.666
334.734
334.866
334.906
334.975
334.979
335.019
335.202
335.202
335.35
335.981
336.013
336.2
336.39
336.391
336.422
336.668
336.929
336.993
336.993
337.376
337.513
337.632
338.275
338.729
338.796
338.797
339.57
339.592
339.593
340.44
340.742
340.881
341.15
341.198
342.169
342.169
342.172
342.172
342.172
342.174
342.174
342.175
342.922
342.923
342.929
343.158
343.235
343.237
343.5
343.501
343.659
344.054
344.69
345.24
345.298
345.431
345.486
345.573
345.794
345.796
345.797
345.915
346.151
346.241
346.305
346.305
346.551
346.551
346.637
346.76
347.01
347.703
348.421
348.592
349.108
349.174
349.175
349.519
350.245
350.246
350.246
350.336
351.638
351.66
351.66
351.791
352.864
352.864
352.864
352.866
352.868
353.13
353.27
353.483
355.058
355.082
355.082
355.084
355.377
355.828
355.829
356.9
357.808
358.472
358.622
358.625
358.663
358.955
358.958
360.432
360.437
360.452
360.472
360.793
360.871
362.061
362.277
362.295
362.562
362.918
363.035
363.196
363.751
363.752
363.752
363.902
364.267
364.385
364.995
365.153
366.215
366.259
366.388
366.581
366.616
366.966
366.967
366.969
367.823
369.005
369.009
369.161
369.502
369.503
369.504
369.515
369.701
369.761
369.805
370.152
370.541
371.152
371.85
372.095
372.186
372.278
372.348
372.613
372.613
372.645
372.648
372.699
372.702
372.724
372.764
372.866
372.866
372.956
373.063
373.065
373.699
373.979
373.987
374.063
374.23
374.232
374.324
374.386
374.579
374.58
374.669
374.909
374.91
374.913
375.163
375.203
375.365
375.415
375.481
376.249
376.5
376.519
376.792
377.253
377.684
378.426
378.545
378.817
378.818
378.819
378.884
378.93
378.931
380.609
380.61
380.61
380.61
380.718
380.767
380.772
381.314
381.509
383.113
383.638
383.639
383.64
383.833
383.834
386.116
386.593
386.671
386.775
386.884
387.025
387.646
388.402
388.418
389.118
389.601
390.121
390.302
390.648
390.916
391.05
391.052
391.941
392.134
392.331
392.364
392.959
393.262
393.323
393.797
393.928
394.048
394.524
394.524
395.119
395.157
395.338
395.628
395.783
396.298
396.299
396.3
396.301
397.151
397.351
397.352
397.514
397.576
397.769
397.771
397.771
398.018
398.091
398.287
399.113
399.234
399.235
399.385
399.687
399.781
400.062
400.95
402.077
402.917
402.984
402.985
402.987
403.017
403.167
403.167
403.716
404.728
404.728
404.728
405.596
405.695
405.78
406.109
407.323
407.602
408.585
408.731
408.75
409.171
409.221
409.224
409.882
411.114
411.859
411.861
412.166
412.566
413.066
413.119
413.18
413.527
413.527
413.95
414.21
414.212
414.235
414.738
414.739
415.008
415.009
415.088
415.088
415.089
415.089
415.179
415.18
415.429
415.443
415.504
415.512
416.378
416.392
416.393
416.397
416.453
416.574
416.626
416.73
417.558
417.673
417.772
417.957
418.02
418.923
418.966
421.015
421.239
421.803
421.953
421.954
423.178
423.459
423.743
424.28
424.328
424.535
424.538
424.538
424.797
424.95
425.352
425.353
425.644
425.656
425.791
426.111
426.111
426.112
426.115
426.117
426.546
427.592
427.635
427.795
427.813
428.15
428.151
428.223
428.224
428.23
428.594
428.891
428.892
429.024
429.206
429.489
429.49
429.494
429.736
429.863
429.945
429.968
429.984
430.046
430.347
430.349
431.026
431.095
431.36
432.114
432.12
432.697
433.705
433.837
433.935
434.3
434.496
434.798
434.926
434.927
434.958
435.123
435.353
435.479
435.673
436.204
436.456
437.172
437.191
437.239
437.314
438.116
438.125
438.146
438.741
438.833
439.277
439.315
441.404
441.406
441.733
441.733
442.627
442.757
442.758
444.123
444.123
444.145
444.889
445.012
445.243
445.244
445.245
445.268
445.271
445.475
445.482
445.488
445.706
445.743
445.744
445.746
445.746
446.006
446.109
446.185
446.234
446.247
446.477
447.304
447.418
447.709
447.729
447.97
448.213
448.319
448.471
448.534
448.638
448.692
448.722
448.782
449.255
449.702
450.283
450.673
450.676
450.68
450.69
450.966
450.982
451.18
451.508
451.511
451.724
451.728
451.729
452.73
452.734
452.849
452.857
452.858
453.007
453.051
453.052
453.06
453.182
453.505
453.808
453.808
453.815
454.131
454.155
455.753
455.754
456.984
457.335
457.806
457.927
459.705
459.705
460.116
460.408
460.413
460.413
460.432
460.44
460.553
461.716
461.955
462.097
462.6
462.96
464.049
465.025
465.03
465.321
465.322
465.468
465.468
465.527
465.541
465.584
465.587
465.777
465.885
465.891
466.019
466.681
466.94
466.941
467.323
467.323
467.324
468.019
468.062
468.397
468.448
468.927
470.298
470.306
470.308
470.522
473.536
473.755
473.82
473.82
473.823
473.823
474.31
474.885
475.267
475.272
476.012
476.012
477.144
477.581
477.623
477.624
477.637
477.654
477.705
477.705
478.01
478.077
478.131
479.021
479.03
479.407
479.408
479.409
479.72
479.726
479.744
479.883
480.517
480.581
480.597
480.66
480.821
480.987
481.719
481.746
481.83
481.911
481.911
482.594
482.677
484.003
484.077
484.126
484.127
484.288
484.378
484.455
484.546
484.546
484.774
485.048
485.05
485.129
485.24
485.404
485.472
485.477
485.749
485.798
485.833
485.833
485.899
485.963
487.019
487.056
487.174
487.697
487.7
487.701
487.976
487.979
487.98
487.98
488.141
488.548
488.548
488.767
488.768
489.277
489.603
489.665
489.666
489.761
489.762
489.762
490.201
490.202
490.213
490.235
490.652
490.747
490.748
490.796
490.798
490.806
490.813
490.835
491.756
491.879
491.888
491.942
491.942
492.046
492.048
492.197
492.2
492.201
492.212
492.325
492.328
492.328
492.538
492.554
492.564
492.623
494.057
494.477
494.973
495.215
495.369
495.804
495.933
496.559
496.56
496.66
497.148
497.247
497.306
497.431
497.525
497.825
498.05
498.366
498.366
498.367
498.753
498.753
498.767
498.775
498.779
498.858
499.775
499.935
499.935
499.937
500.019
500.455
500.457
500.8
500.926
500.927
500.929
501.039
501.092
501.096
502.345
502.369
502.566
502.567
502.568
502.568
502.77
502.792
502.823
503.631
505.965
506.137
506.137
506.152
506.189
506.65
506.651
506.655
506.677
507.713
508.429
508.43
508.432
508.464
508.481
508.487
508.504
509.037
509.046
509.093
509.096
509.128
509.128
509.128
510.446
510.471
510.941
510.942
510.951
511.072
511.339
511.341
511.453
511.463
511.646
512.756
514.78
515.106
515.208
515.497
515.638
515.827
515.829
515.829
516.001
516.413
516.587
521.9
523.65
523.756
523.874
523.903
523.903
523.935
524.29
524.454
524.454
524.499
525.339
525.52
525.655
525.744
525.745
525.817
525.914
525.914
525.967
526.022
526.08
526.083
526.109
526.334
526.335
526.353
526.363
526.451
526.878
527.108
527.194
527.265
527.317
527.389
527.491
527.688
527.691
528.006
528.207
528.211
528.389
528.389
528.637
529.034
529.046
529.144
529.146
529.442
529.447
530.323
530.336
530.697
530.698
530.756
530.806
530.959
531.927
531.928
532.05
532.175
532.176
532.177
532.301
532.426
532.428
533.34
533.577
533.938
534.039
534.04
534.095
534.144
534.858
534.9
535.149
535.511
536.241
536.506
537.314
537.317
537.693
537.701
537.716
537.717
537.72
538.566
539.018
539.602
539.602
540.023
540.071
540.072
540.155
540.156
540.616
540.971
541.3
541.452
541.52
541.909
542.082
542.295
542.304
542.709
543.049
543.049
543.05
543.147
543.707
543.709
544.934
544.935
545.711
545.759
545.759
545.831
545.981
546.266
546.266
546.629
546.859
546.873
546.874
546.875
547.105
547.259
547.262
547.264
547.272
548.159
548.226
548.371
548.372
548.388
548.9
548.992
549.022
549.144
549.19
549.739
550.517
550.621
550.866
550.868
551.21
551.213
551.228
552.908
552.923
553.071
553.076
553.077
553.077
553.335
553.373
553.499
553.522
553.769
553.79
553.976
553.979
554.043
555.009
555.195
555.31
555.455
555.583
556.259
556.842
556.938
556.938
557.062
557.159
557.264
557.301
557.968
558.327
558.328
558.328
558.357
559.367
559.368
559.468
560.338
560.348
560.359
560.385
560.408
560.782
560.783
561.736
561.771
561.771
562.279
562.28
562.281
562.767
562.972
563.022
563.196
563.454
563.567
563.57
563.713
563.812
563.971
565.206
565.323
566.179
566.18
566.298
566.799
566.872
566.891
566.908
566.937
566.939
566.941
567.174
567.553
567.607
567.609
567.621
567.771
567.931
568.24
568.313
568.48
568.542
568.589
568.611
568.682
568.814
568.942
569.067
569.138
569.175
569.268
569.355
569.54
569.655
570.097
570.387
570.671
570.987
571.694
572.018
572.041
572.042
572.175
572.176
572.392
572.429
572.591
572.727
573.324
573.58
573.748
573.995
573.997
574.148
574.754
574.817
575.868
576.006
576.679
577.006
578.002
578.004
578.795
578.872
579.085
579.088
579.434
579.493
579.697
579.699
579.85
579.947
579.996
580.134
580.152
580.719
581.022
581.352
581.521
581.554
581.554
581.636
581.95
582.006
582.06
582.216
582.561
582.59
582.636
582.831
582.832
582.899
582.902
584.988
585.147
586.149
586.17
586.273
586.273
586.878
587.129
587.131
587.395
589.555
590.673
590.699
590.746
590.747
590.75
590.78
590.781
590.922
591.266
591.291
591.306
591.346
591.348
591.371
591.38
591.38
592.026
593.028
593.029
593.102
593.305
593.846
593.966
593.97
594.029
594.722
594.724
594.853
595.36
595.36
595.53
595.823
596.889
596.932
596.932
597.023
597.103
598.532
598.597
598.823
598.824
598.91
598.963
599.9
600.823
600.824
601.27
602.198
602.336
602.357
602.43
602.572
604.115
604.131
605.878
606.098
606.149
607.653
607.677
607.727
607.745
607.906
608.461
608.826
608.865
608.895
609.156
609.341
609.526
609.601
609.918
609.92
610.558
610.572
610.728
610.969
611.917
613.927
614.749
614.75
615.025
615.059
615.06
615.26
615.328
615.36
615.617
615.637
615.64
615.875
615.876
616.128
616.128
616.877
616.881
617.889
617.892
618.233
618.336
618.374
618.374
618.386
618.464
618.466
619.439
619.918
619.918
620.085
620.085
620.087
620.281
620.862
620.954
621.061
621.276
621.278
621.361
621.367
621.379
621.596
621.601
621.603
621.701
621.725
621.75
622.003
622.004
622.004
622.028
623.406
623.453
623.453
623.635
623.637
623.637
624.391
627.008
627.402
627.497
627.921
627.942
629.309
629.35
629.638
629.65
630.101
630.101
630.216
631.614
631.743
631.863
631.863
632.192
632.193
632.194
632.73
632.864
632.868
632.972
633.545
633.632
634.775
634.926
635.195
635.195
635.196
635.279
635.837
635.985
636.718
636.797
637.717
639.556
640.073
640.122
640.533
641.027
641.029
641.029
641.105
641.662
641.7
641.7
641.7
641.84
641.918
642.33
642.455
642.493
642.659
642.697
642.77
642.772
642.807
643.433
643.434
643.487
643.566
643.634
643.639
643.666
643.791
643.935
643.945
644.109
644.482
644.731
644.794
645.198
645.199
648.173
648.175
648.204
648.205
648.21
648.272
648.278
648.471
648.99
649.321
650.734
650.736
650.795
650.795
650.82
650.99
651.431
651.443
652.732
653.121
653.184
653.532
653.6
653.753
653.85
654.499
654.579
654.592
654.592
654.597
654.735
654.76
655.538
655.85
655.897
655.919
656.265
656.268
656.269
656.272
656.365
656.426
656.514
656.709
656.711
656.716
656.757
656.784
657.298
657.429
658.164
658.305
658.305
658.53
658.573
658.574
658.576
658.647
658.794
658.985
659.098
659.188
659.191
659.292
659.38
659.381
659.616
659.741
659.797
660.314
660.48
660.545
660.685
660.742
660.744
661.019
661.022
661.488
661.488
661.502
661.503
661.533
661.964
662.225
663.626
663.852
663.888
663.889
663.926
663.926
664.018
664.494
664.967
664.969
665.205
665.244
665.532
665.849
665.873
665.874
666.778
666.938
667.065
667.082
667.115
667.229
667.23
667.324
667.364
667.509
667.845
668.148
668.157
668.871
669.04
669.041
669.228
669.766
669.768
669.801
669.915
669.916
669.957
669.96
670.398
670.398
670.512
670.512
670.858
670.862
671.01
671.638
671.806
671.971
672.052
672.831
672.928
673.568
673.605
673.606
674.38
674.612
675.214
675.33
675.418
675.444
677.236
677.238
678.525
678.536
678.54
678.653
678.803
678.815
678.868
679.55
683.073
683.143
683.209
683.462
683.705
684.552
684.598
684.599
684.64
685.134
685.737
686.699
686.996
687.166
687.497
688.476
688.556
688.979
689.746
689.894
689.895
691.168
691.336
692.328
692.49
694.397
694.4
694.402
694.402
694.545
695.028
695.028
695.03
695.384
695.397
695.397
695.891
696.334
696.64
696.692
696.951
697.125
697.214
697.542
697.544
697.672
698.207
698.232
698.387
698.612
698.613
698.756
699.611
700.092
700.093
700.554
701.103
701.883
701.887
702.361
702.405
702.476
702.478
703.458
704.918
704.977
704.978
705.521
706.246
706.45
708.636
710.024
710.474
710.993
711.388
712.383
712.485
712.5
712.673
713.263
713.784
714.205
715.272
715.713
715.879
715.896
716.158
716.575
717.453
718.048
720.692
721.096
721.144
721.739
721.8
722.278
722.409
722.555
722.743
723.332
723.354
723.487
723.88
724.097
724.098
724.587
724.674
724.769
727.472
728.539
728.845
730.335
730.335
730.622
730.951
730.957
730.958
730.959
731.077
731.152
731.582
731.657
731.673
731.678
731.679
731.679
731.954
731.954
732.206
732.326
732.327
732.328
732.389
732.39
732.391
732.393
732.393
732.394
732.511
732.512
732.513
732.514
732.638
732.638
732.802
732.83
732.84
732.934
732.934
733.079
733.149
733.232
733.508
733.554
733.562
733.564
733.641
733.7
734.092
734.721
734.741
734.745
734.748
734.81
734.81
734.852
736.836
736.9
737.435
737.436
737.436
737.58
737.581
737.629
737.725
737.731
737.803
738.408
738.439
738.444
738.833
738.981
741.052
741.058
741.06
741.061
741.303
741.448
741.457
741.857
742.707
742.709
743.329
743.332
743.332
743.409
743.536
744.879
744.879
745.011
745.051
745.288
745.466
746.78
746.981
747.029
747.029
747.058
747.061
747.501
747.501
748.591
748.801
748.817
749.029
749.384
749.385
751.212
751.674
752.168
752.506
752.534
752.587
752.587
752.845
753.051
753.082
753.613
753.681
753.922
753.925
754.09
754.139
754.275
754.276
754.358
754.36
754.387
754.82
754.867
755.457
755.589
755.672
755.73
756.087
756.322
756.427
756.445
756.714
756.814
756.829
757.537
758.05
758.125
758.775
760.032
760.551
760.576
760.576
760.739
760.807
760.89
762.138
762.357
762.465
762.466
762.639
763.04
763.042
763.067
763.068
763.912
763.957
763.961
764.067
766.499
766.5
766.708
766.864
766.866
766.922
767.165
767.27
767.516
768.214
768.274
768.364
768.666
769.019
769.39
769.456
769.993
772.042
772.139
772.364
772.764
772.882
773.133
773.174
773.577
773.599
773.613
774.86
774.978
774.978
774.979
774.982
776.049
776.055
776.608
777.236
777.275
777.28
780.998
781.038
781.096
782.151
782.193
782.193
782.346
784.422
784.937
785.423
785.446
785.466
785.957
786.09
788.994
788.995
789.611
789.623
789.781
789.782
789.997
790.112
790.238
790.752
790.753
790.764
790.85
790.876
790.892
790.893
790.975
790.98
791.274
791.274
791.377
791.412
791.412
791.588
791.662
791.935
791.963
791.991
793.094
793.34
793.5
794.04
794.104
794.217
794.221
794.299
794.303
794.31
794.31
794.575
794.743
794.743
795.324
795.571
796.087
796.087
796.089
798.423
798.839
798.852
798.857
799.039
799.251
799.372
799.477
799.9
800.045
801.993
802.065
802.528
802.53
802.69
802.758
802.76
802.761
802.761
802.762
802.818
803.302
804.437
804.448
804.565
804.566
804.603
804.608
804.619
804.8
805.162
805.277
805.278
805.282
805.298
805.304
805.803
806.011
807.407
807.408
807.41
807.628
807.835
807.91
807.99
808.004
808.409
809.417
809.478
809.479
809.502
809.683
809.698
810.035
810.249
810.37
810.41
810.411
810.413
810.413
810.835
810.836
811.917
813.312
813.785
814.034
814.618
814.76
814.761
814.898
814.899
814.9
817.1
817.366
817.425
817.566
817.668
817.976
817.989
818.08
818.124
818.17
818.351
818.555
818.765
818.78
819.21
819.211
819.211
819.272
819.273
819.367
819.368
819.475
819.475
819.665
819.665
819.983
819.983
820.094
820.095
820.232
820.879
820.88
821.183
822.681
822.694
822.763
822.889
822.891
823.053
823.823
823.93
823.987
824.407
824.448
824.449
825.361
825.429
825.644
825.645
826.191
826.21
826.218
827.204
827.509
827.511
827.512
828.241
828.633
829.079
829.541
829.917
831.48
831.522
831.65
831.82
832.197
832.348
832.351
832.374
832.526
832.673
833.415
833.975
834.15
834.304
834.321
834.327
834.804
834.805
835.535
836.524
836.616
837.226
840.333
840.727
841.319
841.384
841.398
841.433
841.466
841.731
841.824
841.895
842
842.234
842.236
842.256
842.257
842.355
842.494
842.631
842.692
842.833
842.859
842.986
843.007
843.374
844.31
844.675
845.781
846.018
846.04
846.152
846.569
846.801
846.924
846.957
847.155
847.249
847.335
847.34
847.366
847.45
847.769
847.815
848.828
848.831
848.831
848.909
849.104
849.287
850.777
850.873
851.073
852.981
853.074
853.678
853.74
853.759
853.896
854.482
854.645
856.51
857.6
857.741
857.742
857.879
858.07
858.629
858.925
858.994
860.527
860.69
860.845
860.865
860.935
860.945
861.013
861.576
862.947
862.947
864.221
864.222
864.452
864.458
864.459
864.462
864.479
864.479
864.479
864.621
865.21
865.302
865.656
865.889
866.002
866.014
866.157
866.319
866.483
866.535
866.786
867.136
867.154
867.259
867.259
867.316
867.962
868.299
868.303
868.304
868.562
869.091
869.093
869.203
869.23
869.254
870.372
870.438
870.76
870.761
870.762
871.034
871.093
871.093
871.188
871.343
871.484
873.87
874.027
874.054
874.074
874.425
874.428
874.767
874.815
874.847
875.313
875.427
875.448
875.676
875.8
876.041
876.965
877.004
877.458
877.541
877.781
878.082
878.947
879.049
879.726
879.805
879.997
880.012
880.069
880.074
880.079
880.287
881.051
881.215
881.515
881.931
882.427
882.508
883.124
884.289
884.491
884.525
884.589
885.232
885.324
885.349
885.666
885.859
885.86
886.022
886.023
886.466
886.474
886.688
886.689
886.798
887.134
887.246
887.558
887.665
887.789
888.347
889.074
889.098
889.39
889.807
890.008
890.12
890.217
890.861
892.979
893.244
893.47
893.514
893.581
893.59
894.423
894.432
894.69
895.515
896.044
896.561
896.565
896.628
897.601
897.812
897.813
897.82
897.924
898.044
898.225
898.269
898.348
898.505
898.553
898.562
898.697
898.82
899.004
899.019
899.979
900.132
900.133
900.788
901.28
901.284
901.322
901.518
901.521
901.546
901.599
901.85
901.869
901.87
901.899
901.903
902.38
902.385
902.387
902.402
903.076
903.076
903.153
903.267
903.294
903.777
903.847
904.263
904.376
904.385
904.48
904.531
904.647
904.796
905.474
907.077
907.079
907.142
907.952
908.309
908.327
908.48
909.29
909.693
909.973
909.973
910.559
911.13
911.267
911.271
911.795
911.81
911.917
911.993
912.674
912.676
912.954
912.955
913.329
913.384
913.69
913.781
913.807
914.023
914.282
914.35
914.493
914.899
914.988
915.207
917.154
917.48
918.008
918.202
918.203
918.87
922.4
922.407
922.41
922.55
922.553
922.987
923.276
923.291
923.451
923.988
923.99
924.201
924.481
924.484
924.732
924.733
924.739
924.74
925.191
925.191
925.578
926.504
926.653
926.73
926.731
926.813
926.961
927.092
927.312
927.313
927.385
931.624
931.624
931.657
931.773
931.835
931.954
931.974
932.244
933.77
933.77
933.771
933.772
933.807
934.093
934.153
935.454
935.469
935.472
935.593
935.794
935.953
935.991
936.012
936.07
936.071
936.084
936.36
936.361
936.362
936.583
937.019
937.169
937.666
937.902
938.538
938.539
939.413
939.535
939.916
940.329
940.331
940.383
940.474
940.767
941.242
941.242
941.35
941.36
941.413
941.424
941.455
941.478
941.831
941.972
942.023
942.109
942.109
942.113
942.2
943.456
943.687
943.691
943.772
943.855
944.112
944.374
944.545
944.546
944.635
944.636
944.893
944.934
944.975
944.977
945.62
945.62
945.923
945.925
945.957
945.959
945.968
945.983
946.198
946.413
947.27
947.376
947.394
947.407
948.109
948.11
948.11
948.419
948.518
948.518
948.638
948.706
948.811
948.815
949.227
949.577
949.856
950.054
950.061
950.061
951.676
951.712
951.831
951.831
952.216
952.474
953.624
953.624
954.401
954.474
954.797
954.961
954.962
954.98
955.183
955.303
955.406
955.595
955.596
955.66
955.706
956.585
956.803
956.866
957.26
957.337
957.338
957.339
957.341
957.344
957.422
957.689
957.878
958.34
958.39
958.526
958.622
958.706
958.776
958.896
958.958
958.999
959.174
959.458
959.487
959.648
960.05
960.091
960.206
960.325
960.325
960.326
960.444
960.759
960.899
960.907
960.918
961.176
961.178
961.991
962.128
962.176
962.193
962.211
962.607
963.071
963.18
963.288
963.294
963.365
963.368
963.671
963.906
963.909
964.095
964.414
964.415
966.094
966.095
966.095
966.182
967.289
967.289
967.577
967.746
967.746
967.839
967.864
968.501
968.91
969.102
970.9
971.638
972.377
972.487
972.811
973.485
973.996
974.797
975.446
975.94
976.035
976.214
976.569
976.581
976.582
976.582
976.752
977.157
977.41
977.411
978.225
978.319
978.376
978.379
978.565
978.836
978.839
978.935
979.199
979.253
979.873
979.959
979.959
980.124
980.125
980.125
980.526
980.53
980.724
980.724
980.8
980.802
981.063
981.509
981.656
981.862
982.02
982.174
982.295
982.673
983.221
983.284
983.296
983.297
983.403
983.404
983.419
985.139
985.696
985.844
986.746
986.9
986.904
986.905
987.189
987.761
987.774
987.803
988.573
988.622
988.875
989.382
989.382
989.469
989.469
989.888
990.031
990.032
990.251
990.252
990.368
990.532
990.592
991.492
991.575
992.554
992.578
992.702
993.211
993.272
993.351
993.651
993.943
994.345
995.059
995.128
996.298
996.31
997.512
997.517
997.702
997.884
997.885
998.098
998.098
999.588
999.882
1000.73
1001.88
1001.9
1002.26
1004.31
1004.31
1004.31
1004.39
1004.39
1004.65
1004.92
1005.06
1005.08
1005.67
1005.79
1006.12
1006.91
1006.94
1007.3
1008.79
1009.7
1009.7
1009.7
1009.7
1009.7
1010.48
1010.53
1012.32
1012.32
1012.75
1012.93
1012.95
1013.74
1013.88
1013.88
1013.94
1014.84
1014.9
1015.96
1016
1016.72
1016.83
1016.85
1017.03
1017.92
1018.4
1018.74
1018.83
1019.01
1019.36
1019.36
1019.37
1019.37
1019.37
1019.37
1019.65
1019.66
1019.71
1019.75
1019.75
1019.87
1021.18
1021.53
1021.54
1021.56
1021.88
1021.94
1027.82
1028.43
1028.43
1028.59
1028.67
1028.75
1029.05
1029.12
1029.12
1029.13
1029.17
1029.18
1029.21
1030.29
1030.88
1030.88
1030.89
1030.89
1031.19
1031.64
1031.81
1031.81
1032.22
1032.95
1032.95
1032.95
1033.37
1033.37
1033.52
1033.57
1033.57
1035.1
1035.17
1035.17
1035.17
1035.17
1035.17
1035.24
1035.9
1035.9
1036.05
1036.15
1036.15
1036.81
1038.65
1039.63
1039.88
1039.89
1039.9
1039.97
1039.97
1040.08
1041.89
1041.89
1041.92
1042.18
1042.65
1042.7
1042.7
1042.71
1042.93
1042.95
1042.99
1043.05
1043.05
1043.18
1044.25
1044.81
1044.84
1044.97
1045.05
1045.06
1045.3
1045.3
1045.3
1045.36
1046.15
1046.19
1046.23
1046.6
1046.6
1046.6
1046.84
1047.4
1047.6
1047.95
1050.59
1050.6
1050.68
1050.69
1050.69
1050.9
1050.9
1050.93
1051.02
1051.09
1051.27
1051.37
1051.37
1051.5
1051.88
1052
1052.23
1052.44
1052.51
1052.61
1052.66
1053.09
1053.22
1054.42
1054.42
1054.99
1055.15
1055.15
1055.16
1056.18
1056.18
1056.74
1056.74
1057.04
1057.12
1057.32
1057.39
1058.39
1058.69
1058.81
1060.1
1060.1
1060.13
1060.66
1060.68
1061.58
1061.59
1061.63
1061.69
1063.12
1063.53
1063.57
1063.61
1063.62
1063.64
1064.44
1064.97
1065.02
1065.5
1065.61
1065.61
1065.85
1065.85
1065.87
1066.81
1066.93
1067.36
1068.26
1068.47
1068.55
1068.55
1068.66
1068.96
1068.96
1068.96
1070.63
1070.71
1071.55
1071.71
1071.72
1071.75
1071.84
1072.7
1072.98
1073
1073
1073.13
1073.67
1073.67
1073.71
1073.71
1073.71
1073.71
1073.72
1073.75
1073.87
1074.63
1074.63
1075.11
1075.2
1076.08
1076.17
1076.3
1076.39
1076.44
1076.44
1076.82
1076.82
1077.29
1077.41
1077.41
1077.43
1077.43
1077.69
1078.08
1078.2
1078.42
1078.81
1078.85
1078.86
1078.87
1078.97
1078.97
1079.1
1079.1
1079.37
1079.41
1079.41
1079.65
1080.51
1080.72
1080.72
1080.83
1080.86
1081.11
1081.19
1081.21
1081.44
1081.89
1082
1082.06
1082.11
1082.14
1082.17
1082.28
1082.98
1083.33
1083.5
1083.66
1084.06
1084.15
1084.4
1084.4
1084.56
1084.62
1084.98
1084.98
1085.02
1087.89
1088.01
1088.11
1088.29
1088.4
1088.41
1088.55
1089.23
1089.71
1089.72
1089.78
1090.37
1090.44
1090.44
1090.59
1090.59
1090.97
1091.63
1092.05
1092.05
1092.16
1092.36
1093.34
1093.34
1093.48
1093.77
1093.82
1094
1094
1094.16
1094.16
1094.23
1094.3
1094.5
1094.52
1094.52
1095.1
1095.35
1095.35
1095.35
1095.71
1095.78
1095.83
1096.42
1096.82
1096.99
1097
1097.02
1097.25
1097.85
1097.85
1097.92
1098.39
1098.47
1098.84
1098.88
1099.17
1099.89
1099.89
1100.09
1100.19
1100.32
1101.49
1101.49
1101.56
1101.81
1101.81
1101.82
1101.92
1102.1
1102.19
1102.53
1102.55
1103.51
1103.6
1103.98
1104.96
1104.96
1105.83
1106.25
1106.25
1106.29
1106.3
1106.3
1106.46
1106.81
1106.9
1106.97
1107.13
1109.22
1109.44
1109.49
1109.49
1109.49
1109.5
1110.75
1110.84
1111.03
1111.03
1111.08
1111.15
1111.15
1111.23
1111.3
1111.36
1111.65
1111.69
1111.78
1111.88
1111.94
1112.43
1112.58
1112.7
1113.67
1114.64
1115.21
1115.37
1115.71
1116.19
1116.19
1116.45
1116.45
1116.56
1117.56
1117.58
1117.58
1118.02
1118.02
1118.02
1118.23
