0.43669
0.453523
0.512134
0.658577
0.659242
0.697829
0.77063
0.770721
1.19558
1.21566
1.2163
1.21856
1.23823
1.27451
1.52029
1.52055
1.72464
1.74511
1.81466
1.81537
1.81543
1.9771
2.09015
2.20478
10.2469
10.5731
11.5328
24.2473
25.1771
25.3749
29.1771
40.4869
43.4883
43.6873
58.0072
58.521
58.6465
59.0289
59.3199
64.8002
75.1028
76.2989
77.4786
77.9422
78.989
79.0897
79.1056
79.4147
79.5786
79.9947
81.2602
81.9389
86.1995
87.303
89.4224
90.5136
91.5244
91.6473
91.7914
91.8223
91.8559
91.8802
92.1404
92.312
92.7853
92.786
92.9492
94.0429
94.4339
94.434
97.0681
97.1899
98.0827
98.383
98.3843
98.4146
100.118
100.141
100.231
100.231
100.33
100.969
101.279
101.901
124.335
127.959
127.963
131.335
131.432
131.456
131.456
131.726
132.23
137.701
139.235
141.038
141.437
141.524
141.653
141.656
141.754
141.755
141.841
141.955
143.143
143.561
143.562
143.604
143.647
145.13
145.13
148.819
148.968
150.494
150.896
150.898
150.933
151.82
152.031
152.035
152.035
153.344
155.007
155.13
155.131
157.869
158.97
159.213
160.383
161.152
177.106
177.225
177.439
177.808
177.808
177.923
177.923
178.425
180.548
182.116
182.116
182.117
182.121
183.384
184.25
184.641
184.641
184.722
184.722
184.727
184.734
184.81
184.818
184.827
185.323
185.345
185.485
202.106
202.109
205.294
206.105
206.105
206.422
206.531
207.187
223.622
224.187
224.439
225.118
226.499
226.593
229.2
230.791
230.941
230.959
231.488
231.66
232.118
232.709
232.71
233.15
233.151
239.117
239.323
240.686
240.812
241.379
241.622
241.721
243.586
243.886
243.886
250.699
253.72
254.588
254.588
254.589
254.625
255.438
262.992
267.862
267.862
267.98
269.548
271.081
271.624
271.736
282.483
282.535
283.515
283.659
284.974
285.025
285.235
285.738
285.74
285.883
285.883
286.244
286.245
286.259
286.315
286.316
291.231
292.593
301.932
303.532
303.923
303.925
303.925
306.442
307.563
307.644
307.913
308.595
308.724
308.932
308.943
309.086
309.144
309.283
309.715
337.093
338.134
343.511
344.767
349.367
349.489
350.155
350.882
350.882
353.343
353.345
356.62
356.62
357.23
357.542
388.956
388.956
390.891
391.79
391.963
396.385
410.144
410.317
442.834
442.911
452.899
452.901
452.901
453.008
453.008
453.625
454.731
454.751
454.902
454.902
454.909
456.692
456.692
456.693
456.695
456.811
456.838
456.966
457.425
457.425
457.478
458.179
464.018
464.019
464.022
464.022
464.124
465.33
466.738
466.738
466.739
467.558
467.665
468.729
468.73
468.731
469.014
469.191
469.278
469.279
469.285
472.628
472.669
472.67
476.859
478.75
478.75
478.833
479.281
480.345
482.232
483.498
483.499
483.585
489.727
489.728
490.804
490.804
490.806
490.807
491.476
491.562
491.668
491.712
492.747
492.748
492.748
492.859
492.861
492.862
492.869
492.913
493.053
493.442
493.443
498.904
499.056
499.104
499.443
499.448
510.923
512.267
512.887
512.887
512.888
513.911
523.665
529.389
529.491
531.201
532.396
542.093
542.093
542.189
542.293
548.593
554.29
554.483
554.501
554.52
554.8
555.126
555.465
555.489
555.926
556.522
560.736
569.748
569.749
569.751
569.751
569.799
570.289
570.315
570.316
570.327
570.586
570.613
570.722
571.938
571.938
572.125
572.324
572.815
573.243
573.405
573.405
573.422
573.477
573.51
573.51
584.35
587.03
587.032
588.209
588.519
595.478
595.478
605.942
605.943
605.943
606
608.195
609.898
611.406
611.422
612.263
613.79
614.468
614.518
614.627
614.702
619.083
619.222
620.867
620.869
621.014
621.016
621.397
621.449
621.461
621.646
621.768
621.769
626.196
626.199
626.251
626.952
626.953
626.956
626.983
626.983
626.984
629.427
630.397
630.4
630.401
630.552
630.566
630.992
630.994
631.178
631.225
634.781
635.402
635.453
636.522
636.522
636.55
636.551
636.552
639.825
639.827
639.828
642.324
642.374
643.143
649.097
649.099
649.16
649.161
649.161
649.161
649.162
649.164
649.174
649.175
649.194
664.115
664.116
664.852
667.067
667.068
667.088
667.09
667.218
667.628
667.682
667.682
667.696
668.599
668.599
669.02
669.02
674.107
685.695
685.697
685.958
689.291
689.299
689.334
689.528
689.818
691.654
691.679
691.68
699.817
699.817
699.892
699.984
701.759
702.087
703.466
704.404
704.406
704.407
707.802
710.802
710.802
712.378
712.505
714.345
714.345
723.975
733.195
733.342
741.922
741.923
742.023
742.024
742.025
743.599
743.6
744.186
744.186
744.209
