0.260854
0.265375
0.451631
0.470272
0.682824
0.724267
0.732444
0.73304
0.74236
1.26382
1.43334
1.66137
1.85957
1.9458
1.99991
2.00089
2.32201
6.14319
6.28251
6.33192
6.33271
6.42058
7.50081
7.57921
7.81287
8.24178
9.81199
9.92567
9.92661
55.3502
55.8273
57.6344
59.7786
60.0828
60.1323
60.951
79.1218
79.1218
80.2053
89.6369
89.6375
92.8028
93.9564
93.9583
105.254
105.255
105.397
107.486
123.271
125.648
125.841
153.226
154.208
155.233
156.712
156.842
160.563
160.809
162.329
162.496
162.536
165.051
165.063
169.411
169.412
170.733
171.29
171.29
172.321
172.535
172.535
172.536
172.56
174.468
176.079
176.079
176.08
177.551
177.552
183.355
183.92
186.036
186.038
189.858
189.863
189.884
189.938
195.878
196.289
196.834
197.149
197.245
197.293
246.115
246.294
246.351
248.194
250.901
253.506
256.205
257.896
260.018
261.304
261.339
261.364
261.689
264.808
265.875
266.598
266.696
266.71
266.712
267.223
267.281
267.281
267.281
267.938
277.154
277.155
277.467
277.516
278.437
278.618
278.619
286.862
286.882
286.882
287.745
287.812
287.867
287.867
288.608
289.487
289.488
297.1
303.04
303.096
304.263
305.314
305.437
309.722
309.725
312.309
313.881
313.973
313.974
314.09
314.19
314.626
314.771
314.888
314.959
324.512
324.56
324.57
324.591
349.498
349.499
349.545
349.547
349.562
349.607
351.822
351.854
351.925
353.102
355.385
355.535
356.542
356.542
356.609
356.83
357.094
361.58
363.593
366.665
366.705
366.728
366.729
376.15
376.151
376.214
376.587
376.671
378.862
378.878
379.859
379.901
380.248
393.762
395.018
413.79
424.207
424.209
455.886
455.886
455.887
475.267
475.295
475.786
475.803
478.981
487.788
487.907
490.22
490.247
490.3
493.039
493.083
511.46
511.604
511.638
512.003
512.225
512.225
512.289
512.29
513.526
513.61
514.56
516.181
516.195
522.369
522.37
526.13
526.13
526.22
526.718
526.719
526.72
526.813
526.814
540.085
549.206
549.291
554.369
554.897
587.517
587.517
588.371
589.702
589.814
590.004
590.016
590.105
591.229
591.388
592.747
593.331
593.332
594.325
594.853
597.592
603.701
611.627
630.173
635.593
635.648
