0.265792
0.2707
0.272375
0.311352
0.455499
0.460226
0.460277
0.470656
0.470893
0.633519
0.71106
0.711345
0.713195
0.714378
1.27062
1.81968
1.84622
1.85877
1.93101
2.0165
2.27503
2.70481
2.87981
2.99846
3.00046
3.00055
3.00069
3.67779
3.76684
4.10142
4.39521
13.2557
13.5813
15.244
32.9264
41.4831
41.652
41.7814
67.5365
67.7235
67.7627
68.2997
75.3061
75.3922
75.3934
78.7984
78.7986
82.9851
82.9857
83.0092
92.0497
93.9855
116.789
120.752
121.038
121.149
122.355
122.714
128.617
140.481
141.334
141.335
141.336
155.621
156.374
156.734
157.237
157.427
158.304
158.542
158.665
158.666
158.68
158.735
159.307
159.308
159.734
159.736
182.302
182.339
183.104
183.118
200.842
200.843
200.843
200.843
201.203
202.264
205.355
205.957
206.094
207.058
209.582
211.816
211.816
212.276
212.385
212.385
213.084
213.428
216.497
221.535
221.66
224.355
224.355
261.937
262.232
262.872
264.061
264.342
268.831
268.967
269.24
278.973
279.057
279.108
279.162
279.163
279.171
280.181
280.293
281.606
281.646
282.553
282.76
283.045
286.242
286.288
287.458
287.566
288.454
290.717
290.751
293.594
294.071
305.323
305.404
331.238
331.527
337.541
337.599
343.898
343.909
345.944
350.224
350.234
350.437
354.598
354.617
354.617
354.62
354.764
356.856
356.857
356.859
361.244
365.891
368.476
368.478
373.35
373.35
373.363
373.8
373.8
377.534
377.697
381.197
390.831
390.848
390.852
405.272
409.312
409.312
409.342
409.344
409.442
411.757
411.758
412.032
412.315
412.553
413.172
413.388
413.501
413.677
413.789
416.457
416.457
416.458
427.542
427.555
427.556
437.656
437.657
440.086
440.087
440.236
442.284
446.455
448.615
448.616
448.617
450.37
450.384
451.72
453.541
454.851
455.108
455.336
455.337
455.338
455.409
455.41
455.654
458.262
458.464
458.603
461.493
461.503
466.458
466.917
466.962
467.039
477.268
483.291
483.291
483.292
483.293
483.374
483.374
489.72
493.943
494.018
494.22
494.309
495.473
496.429
496.45
496.514
496.721
497.175
497.232
497.327
499.987
500.174
500.534
501.949
506.626
506.646
506.647
506.65
506.892
517.201
517.573
519.456
519.581
519.636
566.267
566.543
596.326
596.33
596.398
596.399
596.575
596.581
601.613
601.613
601.797
601.797
602.815
602.816
603.115
603.714
603.715
603.716
603.818
603.819
604.525
615.091
626.828
628.162
628.195
628.259
628.26
628.263
628.263
628.718
628.733
628.733
628.849
628.85
632.766
632.769
633.705
634.769
634.845
651.696
651.701
651.702
651.908
652.842
653.549
653.58
