0.267035
0.276595
0.322234
0.724393
1.18156
1.19964
1.19974
1.92443
1.92446
3.11435
3.11762
3.11768
3.11773
3.7292
3.72921
3.73129
8.83326
10.1028
10.1029
10.1033
10.1472
10.8354
11.8663
11.8667
12.2705
12.2891
12.3482
12.7161
12.7167
13.3961
14.0334
19.2513
19.4679
19.5117
20.0444
20.3355
22.3025
22.9971
23.7332
24.6609
25.5068
25.6681
26.7327
26.8205
28.7043
28.8668
28.8804
32.2885
36.7132
39.8641
49.4494
49.6255
49.8475
50.4024
51.199
53.8005
58.9315
63.5037
63.9767
72.6862
79.7937
80.0309
80.5027
81.0625
81.1001
81.8704
81.8722
82.3621
82.4259
82.8566
83.1605
83.2034
83.5851
85.2298
85.3389
85.5366
86.1305
86.1305
86.2464
86.3516
88.242
88.3857
91.0466
91.9535
105.72
107.458
107.459
108.428
110.945
112.667
120.756
122.891
123.099
123.129
123.8
123.801
123.933
123.975
123.975
146.612
147.796
150.23
150.231
150.377
150.478
150.724
150.744
150.774
151.718
152.019
152.058
152.058
152.06
153.205
153.281
153.282
165.317
165.408
165.531
165.591
166.966
166.967
166.967
167.033
167.461
167.693
167.836
174.657
175.921
175.93
189.136
189.18
189.331
194.625
194.755
196.678
196.958
196.965
199.884
199.884
199.885
223.312
223.357
223.543
230.182
230.208
230.844
237.521
237.522
237.523
237.533
238.81
246.763
247.951
247.954
248.885
249.884
254.126
254.267
254.658
256.248
270.569
270.569
270.793
273.8
273.816
273.843
273.844
274.216
274.586
275.418
281.301
281.964
282.153
288.639
288.65
288.727
289.926
289.928
291.465
291.468
291.906
291.959
292.372
292.408
292.689
300.655
301.035
301.035
302.124
302.14
308.776
308.911
309.015
309.289
310.658
311.228
311.228
311.253
311.253
311.28
312.423
313.946
314.079
314.079
315.11
321.144
321.269
325.14
325.14
326.423
326.467
326.467
326.505
327.341
327.341
331.433
332
332.085
332.151
332.151
332.198
332.394
334.667
336.579
336.58
336.899
343.493
343.494
343.68
343.832
345.158
345.378
346.169
346.401
347.123
350.61
350.696
352.239
352.239
353.979
354.171
354.241
357.364
369.155
374.829
374.83
374.83
375.006
379.243
380.923
387.111
387.437
388.998
389.04
389.041
389.081
389.984
390.585
390.585
390.588
392.772
411.061
412.437
425.649
426.331
427.135
427.23
427.554
428.324
428.325
428.332
428.335
428.733
428.773
428.897
429.286
429.287
429.421
431.242
457.903
457.904
457.905
460.276
466.484
467.901
470.413
476.55
478.029
478.906
480.523
480.61
480.612
481.485
482.622
483.605
483.605
483.765
484.045
495.985
496.062
496.152
496.298
496.498
496.535
496.535
496.535
496.573
496.717
514.308
522.852
522.863
523.089
524.948
543.587
543.595
543.689
544.15
544.15
545.25
566.138
566.174
566.264
567.347
567.704
567.754
579.679
579.788
579.788
580.529
581.686
581.688
581.699
581.725
582.406
582.407
584.17
584.895
585.949
585.954
586.101
592.249
592.25
592.488
592.573
592.727
593.029
603.354
603.485
607.032
608.703
608.704
608.704
608.71
608.808
608.85
609.124
609.295
609.396
609.536
610.951
611.295
612.701
612.911
612.911
620.222
625.685
625.717
630.594
639.653
641.503
642.547
680.039
685.616
687.028
688.519
688.679
692.93
693.44
693.449
693.686
693.686
694.382
