0.265534
0.275292
0.276347
0.316628
0.471424
0.4716
0.50502
0.638648
0.689287
0.742535
0.742681
1.0616
1.06206
1.06235
1.27695
1.6447
1.8597
1.86058
1.90723
2.05835
2.28053
2.7088
2.77074
2.77231
3.11949
3.16233
3.71071
4.29126
4.94917
5.04839
5.49622
5.66274
5.96925
30.6602
30.7281
30.9226
54.8071
73.4343
73.5569
73.5975
74.9311
75.1676
75.2271
76.7479
76.8219
76.8245
80.8689
81.1223
81.746
81.8763
83.5514
83.6778
85.7271
131.132
132.513
134.234
135.179
138.544
139.147
140.266
140.268
140.769
140.831
141.743
143.164
143.789
144.22
144.308
144.443
144.663
144.666
144.757
144.922
144.999
145
150.396
150.457
150.46
150.746
151.156
151.158
151.422
152.733
152.845
152.994
153.098
153.168
153.959
154.08
155.179
155.205
156.306
156.33
156.331
162.172
162.5
162.5
170.938
193.273
194.225
194.227
194.23
194.231
194.295
203.302
205.831
205.999
206.534
207.172
207.173
207.175
207.201
207.621
218.162
218.163
218.164
218.236
218.584
218.585
218.952
218.992
219.09
219.129
220.041
220.074
220.412
220.413
220.421
221.056
221.057
226.788
226.926
228.9
229.083
267.713
268.97
269.08
285.548
286.173
324.914
325.193
327.854
327.856
328.091
328.209
329.483
329.484
331.538
331.54
332.678
378.567
378.568
378.585
378.614
378.651
379.736
379.737
379.738
379.739
380.294
380.295
380.296
380.636
380.912
380.912
383.031
383.279
383.684
383.684
383.693
383.693
383.693
383.696
387.653
388.197
389.628
400.175
403.625
403.626
404.056
404.057
404.143
404.145
404.187
404.188
404.792
404.906
405.194
405.195
405.234
410.317
411.374
413.63
415.212
415.246
446.167
449.49
449.49
450.624
452.721
453.643
453.644
453.871
454.717
454.719
454.946
454.946
454.947
454.993
455.095
465.017
466.719
467.368
467.515
468.561
468.666
468.668
468.755
468.788
468.909
469.34
470.324
470.527
471.912
472.148
479.063
479.063
479.069
480.495
480.548
480.956
480.957
483.669
483.701
483.701
483.964
484.023
484.489
489.039
489.04
489.957
490.384
491.448
491.573
491.573
492.221
493.917
500.317
500.981
501.435
501.436
501.505
501.629
503.712
503.713
504.099
504.099
504.099
504.1
504.892
506.564
510.91
521.858
522.103
522.104
522.54
524.884
525.555
530.827
530.828
531.263
531.264
538.745
538.764
539.753
541.604
543.639
543.639
543.639
543.65
548.536
548.539
548.606
557.856
559.067
563.776
563.777
563.975
563.976
566.089
569.626
569.626
569.627
569.736
570.248
570.487
570.488
571.446
572.409
572.828
613.357
613.397
617.583
630.542
630.709
630.733
630.807
634.832
642.563
643.139
651.317
651.535
651.537
652.682
654.436
654.853
654.987
654.989
655.222
655.224
655.225
655.392
655.396
655.423
655.474
655.516
655.521
655.523
655.702
657.599
657.6
657.601
