0.481523
0.512242
0.52395
0.536168
0.541152
0.54348
0.553426
0.555411
0.557335
0.56258
0.624212
0.727888
0.737135
0.935875
0.949703
0.950487
0.952341
0.970937
1.02455
1.0253
1.11959
1.1229
1.27175
1.29406
1.52295
1.53418
1.58645
1.58766
1.70724
1.71779
2.22628
2.33885
2.41234
2.41857
3.2893
3.37732
3.37806
3.37959
3.98178
4.08826
4.08964
4.13473
4.13482
4.30483
4.32775
4.66876
4.67155
4.67176
4.76894
4.99142
5.82771
6.3606
7.21963
9.35261
9.83848
10.3824
10.5285
10.7925
10.8523
11.2465
12.024
12.1786
12.1811
12.4454
14.3776
15.0865
16.0637
16.0642
16.0729
16.1125
16.2166
16.2217
16.7898
16.8128
17.0408
17.191
17.4343
17.4351
18.2794
18.5828
18.5871
18.7396
18.7768
18.7796
19.5413
20.7425
20.8701
21.4931
21.4934
21.555
22.8131
22.9244
23.5534
23.7398
23.986
24.5457
24.5474
24.6542
24.6566
24.7486
24.9603
25.1811
26.0711
26.3181
26.3182
26.6473
26.7676
26.7704
27.2315
27.7694
27.7896
28.2773
28.2781
28.2795
28.3004
28.3016
28.9933
28.9956
29.1427
31.2623
31.3021
31.783
32.105
32.1564
32.9734
33.0172
33.2702
34.4654
34.4656
34.4988
34.9086
34.9454
35.0309
35.0317
35.0382
35.6463
35.6471
35.6665
36.0413
36.0423
36.0974
36.0984
36.1485
36.2524
36.2864
36.2865
36.2869
36.3404
37.1242
37.1741
37.1744
38.8634
38.8661
39.316
39.321
39.6597
39.6608
39.662
39.7106
39.7114
39.7117
39.9165
40.2865
40.775
40.913
40.9684
40.9774
40.9797
40.9888
41.032
41.1166
41.1178
41.2017
41.2025
41.6249
41.6297
41.6453
41.677
42.9229
43.29
43.4268
43.4292
43.5424
43.8667
43.923
43.9248
44.0271
44.3784
44.4108
44.8096
44.8145
45.0573
45.0596
45.0713
45.1448
45.1877
45.1891
45.2495
45.2823
46.12
46.368
46.3964
46.4
46.4001
46.7275
46.7588
46.9461
46.9532
48.0533
48.1068
48.1068
49.3085
49.4869
49.6615
49.6642
50.1727
50.2007
50.6704
50.6923
51.6439
51.6745
51.6757
52.0042
52.0059
52.1467
52.2471
52.3987
52.7965
52.8121
52.8838
53.7509
53.7519
53.7525
54.2988
54.4321
54.4335
54.46
54.7654
55.0022
55.3694
55.7439
56.0137
56.016
56.0171
56.0745
56.093
56.0934
56.0934
56.1602
56.4024
56.403
56.8231
57.4334
57.9365
57.9427
58.4906
58.8661
59.05
59.5867
59.6024
59.7868
59.8035
61.2019
61.4296
61.9332
61.9339
62.3045
62.3511
62.3538
62.3592
62.4429
62.5127
62.5996
62.6093
62.6679
62.6767
62.677
62.6774
63.0331
63.0956
63.0984
63.4651
63.6586
65.0493
65.0957
65.9303
65.9319
65.9455
67.1493
67.4707
67.5006
68.1601
68.4375
69.4282
70.2607
70.2972
70.5992
70.6177
70.6194
71.249
71.5349
71.7317
71.732
71.7395
71.7554
71.9417
71.9418
71.9419
72.0644
72.096
72.3093
72.4989
72.8301
72.8615
73.5009
73.5013
73.7775
73.7948
73.7951
73.7957
73.955
74.7494
74.8205
75.2947
75.6908
75.6908
75.9051
76.1727
76.4526
76.4594
76.5609
76.614
76.7288
77.0547
77.7434
77.9816
77.9903
77.9923
77.9956
78.4098
78.5758
78.9056
80.5852
80.5852
80.5858
80.5965
80.6291
80.7007
80.7492
80.7493
80.7736
81.5712
81.6962
81.7818
83.9652
84.3171
84.3485
84.5937
84.8827
85.7922
85.883
86.5623
86.5624
86.5642
86.9176
86.9827
86.983
87.4773
87.7435
88.5413
88.626
89.5787
89.6403
90.0865
90.2749
90.9068
90.9109
90.9341
91.1483
91.1894
91.3404
92.0962
92.1433
92.8848
92.9832
94.0264
94.0858
94.3516
94.3523
94.601
94.6072
94.6074
94.7013
94.8876
94.8884
94.8957
96.2547
96.2552
98.7104
98.7413
98.7837
98.7838
98.7912
98.7917
99.3312
99.3323
100.23
100.362
100.952
101.106
101.332
101.795
101.815
101.867
101.868
101.869
101.87
102.429
102.965
103.675
103.675
103.677
103.731
103.731
104.207
104.276
104.276
104.879
104.879
104.879
104.879
104.88
104.881
105.327
105.396
105.511
105.511
106.181
106.281
106.367
107.395
110.955
110.979
111.757
112.079
112.473
112.647
112.915
112.917
113.151
113.324
113.778
113.854
113.854
113.855
114.092
115.931
116.188
116.189
116.284
116.328
116.375
116.385
116.387
116.457
116.528
121.15
121.875
123.774
123.887
123.888
123.889
125.8
125.801
126.792
128.623
128.702
128.702
128.702
128.902
137.659
137.659
137.665
137.711
138.216
139.843
141.939
142.037
144.742
144.771
144.771
144.905
144.906
144.907
144.945
144.975
146.821
147.501
147.501
149.147
149.149
153.014
153.06
153.06
153.163
153.642
153.748
153.776
153.851
153.894
153.925
153.976
154.452
154.495
154.564
154.603
154.663
154.921
154.971
155.641
155.721
155.722
155.946
156.109
156.111
156.179
156.686
156.687
156.692
157.422
157.758
159.362
162.123
162.265
163.108
163.488
163.719
164.323
164.324
164.421
164.63
164.775
164.776
165.398
165.399
165.401
165.423
166.183
166.184
166.184
166.184
166.354
166.397
166.397
166.537
166.538
168.825
169.685
169.687
169.732
169.758
170.318
170.367
170.7
171.808
171.87
172.897
172.941
172.952
173.897
174.218
174.35
175.189
175.189
175.195
175.195
175.196
175.919
176.082
176.456
176.456
176.846
176.912
176.986
176.988
176.988
177.056
177.062
177.064
177.084
177.265
177.435
177.435
177.44
177.46
177.767
180.97
181.27
181.271
181.272
181.708
181.806
182.017
182.021
182.021
182.024
182.033
182.18
182.183
182.265
182.384
182.526
182.527
182.806
182.934
182.935
183.196
183.538
183.605
183.633
183.633
183.895
185.021
185.55
185.601
185.646
186.126
186.133
186.134
186.974
187.062
189.242
189.243
189.246
189.547
189.608
191.178
191.189
191.349
191.387
191.404
191.645
192.021
192.086
192.253
192.277
192.376
192.472
192.474
192.589
192.598
192.667
192.669
192.669
192.678
192.683
192.719
192.721
193.753
193.887
193.951
194.732
194.732
195.585
195.585
196.659
196.661
196.852
196.853
196.853
197.2
197.2
197.705
197.859
198.404
198.495
198.616
199.603
200.13
200.131
200.168
201.076
202.319
202.329
202.703
202.899
203.861
203.953
204.193
204.293
205.069
205.157
205.6
205.602
205.623
207.718
208.532
208.533
208.629
208.632
209.583
209.591
209.724
210.722
211.21
211.568
211.568
212.325
212.403
212.585
212.603
212.831
212.978
212.978
213.338
213.483
213.5
213.5
213.54
213.587
214.182
214.957
215.081
217.023
217.053
217.249
217.606
217.736
217.986
218.393
218.492
219.339
219.455
220.874
221.347
221.914
221.914
225.592
226.078
226.103
226.118
228.846
234.537
234.677
235.233
235.254
235.409
235.805
235.806
236.369
237.191
237.192
238.643
238.644
238.645
238.646
238.646
238.678
238.799
240.627
240.93
240.93
242.058
242.059
242.085
242.088
242.091
242.091
242.835
242.873
242.874
242.875
243.171
243.322
243.496
243.496
243.714
243.745
243.97
244.517
244.641
244.642
245.074
245.075
245.075
245.414
245.415
245.793
245.824
245.974
246.552
246.643
251.843
251.844
254.39
259.089
259.089
259.222
259.222
259.357
259.357
259.358
259.358
259.361
259.361
259.567
261.734
261.738
262.498
262.518
262.532
262.86
262.862
263.487
263.487
264.585
264.585
264.587
264.751
265.831
265.831
265.832
267.235
268.652
269.306
269.556
270.872
270.88
272.01
272.497
273.337
273.358
273.358
273.359
273.364
273.392
273.666
273.667
273.668
274.008
274.367
274.368
274.612
274.64
274.641
274.641
274.663
274.663
274.665
275.237
275.24
276.08
276.805
278.008
278.098
280.093
280.093
280.095
282.001
282.322
282.509
282.862
283.334
284.177
284.178
284.226
284.776
284.897
284.91
285.794
285.882
286.273
286.278
286.279
286.881
286.883
286.885
287.089
287.089
287.089
287.089
287.985
288.24
288.241
288.602
288.86
288.913
289.387
289.476
289.476
289.476
289.477
289.94
290.139
290.439
290.44
290.507
290.753
290.753
290.994
291.153
291.158
291.239
291.239
291.465
291.644
291.764
293.242
293.262
293.299
293.408
293.629
294
294.142
294.176
294.617
294.695
294.802
294.913
295.128
296.064
296.286
297.043
297.394
297.599
298.096
298.585
298.737
299.933
299.947
300.008
300.009
300.01
307.232
307.435
307.435
308.005
308.222
309.911
309.911
310.376
310.376
310.391
310.987
310.988
311.214
311.287
313.387
313.461
313.899
313.997
314.002
314.238
314.329
314.752
314.755
314.756
314.762
315.06
315.105
315.11
315.112
315.144
315.308
316.574
316.713
316.721
316.795
316.795
317.501
317.992
318.353
318.409
318.443
318.489
319.307
319.376
320.087
320.336
320.34
320.773
321.786
321.87
321.987
323.004
323.005
323.105
324.01
324.156
324.207
324.207
324.923
324.992
325.106
325.262
325.676
327.244
327.64
327.642
329.459
329.708
330.714
331.351
332.24
332.297
333.851
335.178
335.179
335.211
335.213
337.951
338.614
338.614
338.614
338.615
338.815
338.819
338.96
338.962
338.964
342.317
342.717
342.719
342.801
343.141
343.144
343.44
343.771
343.773
344.216
344.276
344.584
344.585
344.766
344.767
344.881
347.57
347.583
347.584
347.676
347.677
348.009
348.025
349.623
349.624
350.326
350.41
350.602
350.79
350.867
350.967
350.972
351.609
351.771
351.819
351.933
352.165
352.166
352.166
352.196
352.407
352.516
353.444
353.621
353.623
354.226
355.834
355.836
355.836
355.837
355.923
356.143
356.144
357.523
357.524
357.545
358.25
358.534
358.736
358.737
358.741
359.07
359.966
359.967
359.968
361.608
362.055
362.342
362.379
363.235
363.96
364.362
364.404
366.769
366.803
366.936
366.937
367.315
367.691
368.054
368.216
368.498
368.734
368.734
368.735
368.986
368.986
369.025
369.052
369.298
369.543
369.543
369.777
369.778
371.639
371.64
371.66
372.377
372.838
373.411
373.547
373.72
374.173
374.207
374.208
374.328
374.715
374.72
375.158
376.061
376.068
376.271
376.729
377.294
377.302
377.303
377.519
377.68
377.857
382.822
382.822
382.827
382.828
383.454
383.483
383.925
383.997
384.822
385.032
385.472
385.511
385.694
386.276
386.682
386.683
386.705
386.723
386.724
386.741
386.743
387.227
387.992
387.993
388.631
388.687
388.807
388.808
389.051
390.215
390.217
390.231
390.42
390.422
390.562
390.927
391.01
391.013
391.717
393.076
393.475
393.578
393.579
395.192
395.591
395.688
398.422
398.435
398.435
398.721
398.738
398.74
398.881
398.909
398.91
399.407
399.723
400.024
400.274
400.295
401.165
401.167
401.23
401.376
402.192
402.468
402.479
402.479
402.521
402.521
402.976
403.166
403.184
403.529
404.092
404.305
404.325
404.395
404.395
404.396
404.527
404.55
404.733
404.827
405.384
405.387
405.388
405.559
405.642
405.643
405.648
406.1
406.11
406.194
406.202
407.205
407.211
407.321
407.833
408.142
408.783
408.784
409.305
409.37
410.343
410.512
410.549
410.609
410.732
411.092
411.094
411.185
411.188
411.21
411.23
411.488
411.698
414.797
414.906
415.941
416.491
416.738
416.799
417.215
417.626
417.675
417.718
417.924
418.474
418.555
418.865
419.962
422.5
422.801
423.735
424.428
424.725
424.898
425.124
425.125
425.212
425.822
425.905
426.021
426.042
426.251
426.322
426.34
426.401
426.491
426.754
427.173
427.333
427.333
427.55
427.73
427.806
428.19
428.489
428.502
428.584
429.156
429.499
429.599
429.696
429.865
429.899
432.788
433.392
433.393
433.394
433.394
433.443
433.627
433.858
433.859
433.859
433.882
433.882
434.052
434.147
434.334
434.36
434.603
434.604
434.628
434.909
434.914
436.013
436.598
438.655
438.924
438.937
439.838
439.879
440.385
440.768
441.876
441.895
441.984
441.984
442.574
442.575
442.576
444.401
445.339
445.486
445.491
445.589
445.624
445.803
445.922
446.171
447.028
447.88
447.912
447.922
449.818
449.833
449.88
449.883
449.957
450.65
450.772
450.982
451.306
451.311
451.508
451.573
451.734
451.841
451.841
451.882
452.657
452.725
452.825
452.826
452.827
452.87
452.874
452.876
452.877
453.49
454.54
456.343
456.6
456.625
456.892
457.293
457.356
457.358
457.749
457.787
457.821
457.821
457.83
457.83
458.262
458.722
458.722
458.923
458.933
458.933
459.152
459.405
459.41
459.411
459.447
459.493
459.859
459.86
460.198
462.088
462.422
462.456
462.464
462.997
463.369
463.443
463.59
464.309
465.102
465.216
465.658
467.889
467.921
467.963
468.083
468.085
468.413
468.568
468.892
468.963
469.396
469.45
469.499
469.567
469.707
469.71
469.861
469.968
470.581
470.688
470.847
471.11
471.197
471.272
471.679
471.775
471.776
471.814
471.825
471.827
472.089
472.263
472.49
472.528
472.6
472.669
473.165
473.583
473.596
473.867
474.13
475.285
475.512
475.514
475.839
475.944
475.981
476.14
476.395
476.93
478.869
480.545
481.68
481.78
481.812
481.987
482.008
482.148
482.416
483.441
483.524
483.823
484.156
484.601
484.601
484.601
484.603
485.083
485.122
485.251
485.251
485.3
485.316
485.317
485.318
485.342
485.931
485.933
485.934
486.408
486.409
486.412
486.478
486.577
486.869
487.215
487.215
487.497
491.351
491.55
491.552
491.552
491.563
491.656
491.841
491.842
492.088
492.425
492.647
492.749
492.75
492.752
494.271
494.787
494.788
495.028
495.429
495.507
495.588
497.21
497.483
497.484
497.751
497.865
497.866
498.362
498.416
498.416
498.418
498.426
499.412
499.412
499.464
499.657
499.887
500.121
500.258
500.338
500.461
500.462
500.462
500.89
501.478
502.828
503.389
503.709
503.921
503.921
504.115
504.185
506.56
506.783
506.861
507.267
507.727
507.921
508.438
509.616
511.071
511.206
515.426
515.734
515.742
515.766
515.769
516.261
516.261
516.263
516.419
516.493
516.494
516.496
516.777
516.87
517.085
517.103
517.113
517.357
517.473
517.475
517.529
517.838
517.919
518.39
518.649
519.132
519.162
520.334
520.354
520.648
520.889
520.93
521.228
521.265
522.356
522.751
523.166
523.168
523.356
523.69
523.69
523.754
523.768
523.77
523.827
523.891
524.177
524.18
524.21
524.272
524.384
524.492
524.633
526.23
526.468
526.469
526.825
527.585
528.117
528.428
528.725
528.813
528.813
529.319
529.786
529.979
530.739
531.435
532.069
532.207
532.207
532.676
532.76
533.357
533.357
533.358
533.406
533.406
533.665
533.891
533.892
533.958
535.409
535.485
535.502
535.503
535.756
535.984
535.991
536.147
536.18
536.182
536.183
536.188
536.616
536.874
536.875
536.889
537.269
537.289
537.32
537.448
537.448
537.708
537.709
537.791
537.912
538.234
538.599
539.479
539.94
540.035
540.089
540.214
540.223
540.47
540.901
542.705
542.705
542.712
544.14
544.24
544.975
544.975
544.975
545.153
545.405
545.408
545.972
546.24
546.669
546.79
547.144
547.538
547.539
548.255
548.269
548.27
548.674
548.675
548.779
548.849
549.285
549.684
550.275
551.445
551.816
551.866
551.994
552.458
552.623
552.625
553.363
553.364
554.231
554.384
554.578
555.44
555.636
555.934
556.028
556.034
556.14
556.503
556.574
557.909
558.323
558.554
558.89
558.89
561.182
561.261
561.433
561.5
562.132
563.883
563.884
564.411
564.593
564.594
564.769
565.419
565.543
565.873
567.483
567.528
567.812
567.813
567.814
568.184
568.329
568.563
569.048
569.356
569.428
569.664
569.684
569.765
569.766
569.767
570.613
570.818
571.3
572.339
572.339
572.599
572.699
572.753
572.794
572.802
576.591
576.597
576.911
576.913
576.961
577.085
577.148
579.781
580.931
580.939
580.939
580.939
580.948
580.968
581.145
581.147
581.147
581.269
581.27
581.602
581.602
581.687
581.792
581.933
582.6
582.711
583.185
583.535
584.225
584.868
585.295
585.4
585.763
586.309
587.054
591.047
592.542
592.966
592.966
593.035
594.798
596.045
596.048
597.27
598.693
598.856
599.143
599.422
599.455
599.475
602.685
602.774
603.932
604.962
605.605
606.301
606.517
606.532
606.534
606.685
607.066
607.067
607.393
607.396
607.794
607.942
607.973
607.977
607.977
607.98
608.066
608.092
608.276
608.276
608.279
608.745
609.599
609.599
609.654
609.662
610.716
610.769
612.236
612.27
612.273
612.338
612.338
612.75
612.798
612.91
613.094
613.094
613.132
613.157
613.607
613.612
613.711
613.971
613.999
614.299
615.059
615.644
615.689
615.7
616.652
616.653
616.653
616.653
618.384
618.437
618.981
618.982
619.904
619.922
620.194
620.689
620.691
620.926
621.795
621.802
622.452
622.621
622.624
622.698
623.737
623.813
623.843
623.857
623.966
624.068
626.864
628.289
629.121
629.416
629.885
630.089
630.143
630.294
630.296
630.701
637.39
637.403
637.427
637.427
637.813
643.705
643.794
643.794
643.796
645.575
645.888
646.112
646.149
646.46
647.177
647.178
647.179
647.261
647.532
647.568
648.198
651.064
651.189
651.287
651.641
651.805
655.193
656.132
656.253
656.748
656.752
656.753
657.503
657.522
660.629
660.631
661.02
661.491
661.492
661.861
661.986
662.432
662.71
662.828
662.919
663.075
663.175
663.659
663.965
663.972
664.393
664.393
664.435
664.616
664.801
664.801
664.874
665.074
665.074
665.074
665.217
665.27
665.293
666.036
671.283
671.284
671.989
672.451
672.453
672.544
672.553
672.617
672.924
673.87
674.118
674.119
674.12
674.985
675.149
676.199
677.355
677.355
677.357
677.767
677.797
679.134
679.138
679.139
679.69
679.957
679.967
680.323
680.334
680.335
680.576
680.965
681.008
681.333
683.136
683.344
683.344
683.644
683.791
683.816
683.817
683.895
684.047
684.217
684.587
684.615
684.641
684.993
685.119
685.2
685.716
685.946
685.946
685.949
685.967
686.054
686.055
686.174
687.001
687.003
687.025
687.026
687.075
687.076
687.43
687.719
688.531
688.578
691.589
691.815
692.496
692.497
692.498
692.499
692.548
692.615
693.25
693.251
693.69
693.698
694.324
695.221
695.471
695.508
695.509
696.288
696.29
696.291
696.562
697.05
697.393
697.394
697.394
697.459
698.078
698.671
699.465
699.465
699.845
700.926
700.935
701.217
701.612
702.287
702.288
702.888
702.994
705.091
705.285
705.718
706.78
708.413
708.874
709.092
709.387
710.155
710.691
710.781
710.782
711.134
711.33
711.334
711.872
711.873
712.19
712.207
712.242
713.556
713.596
713.701
713.707
713.761
713.822
714.403
714.457
714.473
714.634
714.824
715.001
715.001
715.002
715.003
715.008
715.01
715.446
715.475
715.556
715.557
715.797
716.13
716.744
717.008
717.023
717.696
717.921
717.989
718.049
718.214
718.322
718.654
718.68
718.68
718.797
718.8
719.732
719.916
720.083
720.083
720.084
720.084
720.084
720.932
720.935
721.3
721.524
721.524
721.526
721.527
721.527
721.528
721.528
721.529
721.673
721.674
722.199
722.2
722.204
722.205
722.205
722.209
722.326
722.349
722.351
722.356
722.54
723.082
723.975
723.981
723.981
724.14
724.615
724.617
724.892
724.894
725.043
725.09
725.126
725.128
725.21
726.486
726.486
726.564
728.363
728.363
728.773
728.877
728.878
729.579
729.581
729.852
729.852
729.873
729.874
729.882
730.087
731.021
733.208
733.363
733.363
733.364
733.515
733.515
734.574
734.588
734.706
735.288
735.497
736.916
736.916
736.974
738.767
738.768
738.784
738.801
738.801
738.935
738.936
738.939
739.028
739.03
739.033
739.664
739.779
739.848
740.715
740.738
741.091
741.113
741.115
741.189
741.459
741.461
741.657
741.775
742.002
742.041
742.042
742.043
742.088
742.109
742.111
742.709
743.199
743.21
743.211
743.59
743.59
743.605
744.803
745.253
745.269
745.27
745.279
745.311
745.935
746.064
746.828
746.829
746.832
746.834
746.879
747.966
748.453
748.538
748.539
748.54
748.643
748.886
749.826
749.826
749.847
749.906
750.436
750.941
751.077
751.105
751.197
751.632
751.701
751.701
752.349
752.913
752.914
752.981
754.012
754.88
755.136
756.334
756.342
756.823
756.838
757.448
757.448
757.505
757.714
757.821
757.823
757.995
757.997
758.006
758.354
758.354
758.398
758.658
758.658
760.854
761.795
762.136
764.961
764.963
765.071
765.071
765.472
765.512
765.512
765.73
765.824
767.377
767.551
767.833
767.908
768.283
768.781
768.831
768.917
769.04
769.183
769.209
769.209
769.342
769.352
769.737
769.861
769.889
770.671
770.671
771.117
771.615
771.899
772.018
772.161
772.321
772.437
772.82
772.908
773.101
773.657
774.175
775.223
775.226
775.261
775.804
776.109
776.109
776.312
776.851
777.108
777.698
778.123
779.682
779.683
779.683
779.686
779.773
779.774
780.132
780.132
781.149
781.215
781.528
782.019
782.49
784.086
784.088
784.837
785.037
785.717
785.784
787.618
787.683
787.755
788.022
788.286
789.478
789.604
789.636
790.015
791.079
791.08
791.097
791.175
791.18
791.304
791.806
793.977
794.094
794.112
794.819
794.819
794.908
795.486
795.487
795.487
795.489
795.593
796.277
796.732
796.733
798.815
798.827
799.354
799.354
799.362
799.491
799.492
799.686
799.839
799.888
801.02
801.398
801.999
801.999
801.999
802.119
802.13
802.474
803.799
803.799
803.894
803.895
803.941
804.102
804.102
804.187
805.079
805.092
805.093
805.131
805.194
805.483
805.559
805.633
805.854
805.858
806.128
806.241
806.256
806.576
806.836
807.099
807.501
807.617
807.641
807.642
807.643
808.027
808.901
809.725
809.727
809.795
809.795
809.796
809.95
809.951
810.405
810.425
810.514
810.655
810.916
811.163
811.307
811.307
811.636
811.656
811.683
812.582
813.562
813.571
813.636
813.745
814.197
814.787
814.787
814.84
814.86
815.126
815.305
816.215
816.224
816.28
816.484
816.65
816.651
820.004
820.005
820.005
820.537
820.601
820.605
820.761
821.087
821.173
821.174
821.236
821.57
822.595
823.068
823.901
823.901
824.046
824.304
824.305
826.184
826.748
827.023
827.024
827.027
827.483
827.486
827.491
827.507
827.914
828.588
829.237
829.511
829.511
829.511
829.706
831.016
831.553
831.637
831.767
832.301
833.932
834.043
834.082
834.087
835.854
835.855
835.856
836.828
836.83
836.83
837.23
837.252
837.989
838.549
839.413
839.471
840.473
841.006
841.034
841.07
841.829
842.254
843.251
843.34
843.409
843.436
843.785
844.132
844.236
844.59
844.593
845.619
846.217
846.319
846.481
846.486
848.392
848.5
848.501
848.676
849.239
849.362
849.691
849.891
849.96
850.341
850.343
852.22
852.221
852.591
852.617
853.95
856.053
857.247
857.525
858.286
858.307
859.291
859.717
859.963
860.289
861.868
862.691
863.989
864.199
865.581
865.934
867.137
867.601
867.613
867.674
867.675
867.801
867.986
868.468
868.508
868.562
868.665
869.329
869.481
869.716
869.716
869.727
869.901
870.348
870.392
870.462
870.505
870.537
870.644
870.934
871.176
871.176
871.18
871.869
871.869
872.23
872.235
872.385
872.522
873.939
874.115
874.526
875.073
875.217
875.251
876.471
877.002
877.512
877.514
877.555
877.798
878.131
878.193
878.193
878.318
878.349
878.351
878.523
879.08
879.54
879.758
879.889
881.177
881.432
882.008
882.011
882.014
882.014
882.177
882.567
882.845
882.989
883.108
883.11
883.112
883.151
883.151
883.554
886.15
886.262
886.295
886.323
886.559
886.628
886.684
886.689
887.183
887.288
887.583
888.08
888.819
889.249
889.618
889.792
890.866
891.023
891.174
891.184
891.231
891.36
891.481
891.483
891.802
891.805
892.901
892.902
892.98
893.079
895.297
895.668
895.982
896.021
896.95
897.816
897.864
898.171
899.001
902.517
902.531
902.537
903.485
904.342
905.184
905.184
905.314
905.314
905.541
905.606
906.44
906.441
906.442
907.144
907.404
907.606
907.62
908.76
909.023
909.399
909.419
909.444
909.446
909.622
909.959
910.08
911.008
911.379
911.442
911.482
911.839
912.452
912.663
913.651
915.859
916.222
916.224
916.536
918.402
918.57
918.656
918.69
918.87
919.575
919.7
920.466
920.933
921.163
921.288
921.96
922.073
922.288
922.892
923.008
923.038
923.238
923.239
923.582
923.775
923.929
924.013
924.311
924.614
924.615
925.092
925.637
926.699
926.822
926.843
926.922
927.047
927.05
927.127
927.313
927.437
927.73
929.739
931.587
932.003
932.006
935.592
935.594
935.775
936.029
936.721
937.193
937.226
937.234
937.974
938.183
940.151
940.268
940.274
940.518
940.552
940.571
940.573
940.628
941.253
941.325
941.325
941.325
942.946
944.175
945.66
945.86
946.339
946.342
946.397
947.628
948.018
948.02
948.305
948.307
949.283
949.363
949.364
949.366
949.754
949.968
950.011
950.132
950.474
950.79
951.546
951.666
951.835
951.866
951.939
952.316
952.317
952.574
952.639
952.751
952.933
953.701
955
958.458
958.979
959.657
959.841
960.213
961.104
961.296
962.396
962.855
963.133
963.135
963.151
963.185
963.345
963.377
963.795
963.881
963.964
964.153
965.687
965.688
966.1
966.213
966.472
967.364
967.718
967.719
967.797
968.778
968.928
969.421
969.886
969.886
969.891
969.893
970.344
971.274
971.274
971.698
971.766
972.191
972.465
972.585
972.822
973.308
973.479
973.895
974.61
975.676
975.813
975.906
977.024
978.281
978.931
978.932
978.967
979.587
980.143
980.747
980.914
981.121
982.063
982.356
982.391
982.477
982.713
982.715
982.717
982.784
982.933
983.086
983.096
983.186
983.29
983.874
985.163
985.382
985.97
986.046
986.3
988.106
988.37
988.371
989.329
989.57
990.822
991.123
991.296
991.681
992.339
992.417
992.465
992.504
993.393
993.566
993.624
993.712
993.712
993.801
993.899
994.025
994.038
994.082
994.685
994.987
995.787
995.787
996.238
996.238
996.238
996.363
996.363
996.367
996.443
996.501
996.902
997.102
997.102
997.423
997.731
997.732
997.772
997.772
998.316
998.364
998.695
998.769
1000.92
1000.92
1000.92
1002.4
1002.4
1002.4
1002.62
1002.62
1002.83
1003.18
1006.42
1006.73
1006.78
1006.78
1008.24
1008.88
1008.88
1008.88
1008.88
1008.88
1008.88
1008.89
1009.43
1009.43
1009.56
1009.75
1010.18
1010.57
1010.61
1013.84
1015.27
1015.27
1015.27
1015.36
1015.38
