0.227198
0.376051
0.712362
0.780163
1.11585
1.14126
1.15145
1.15907
1.23546
1.23554
1.47528
1.82134
1.82137
1.82511
1.82781
1.8525
14.3886
14.813
15.3413
15.3506
15.3511
15.3516
16.4282
18.2793
18.7318
19.2359
26.2825
26.2834
26.8794
26.8794
33.5221
33.5227
33.8299
35.4772
36.4897
45.6161
48.2314
48.2353
48.7084
48.765
48.7962
74.4849
74.4852
89.1881
89.2792
89.3108
89.3143
90.5278
100.195
100.353
100.355
100.369
102.766
102.766
104.228
104.235
105.279
119.207
119.341
119.497
265.669
267.064
268.457
318.687
318.736
320.185
320.185
320.185
321.754
427.207
452.694
454.922
455.198
455.206
455.293
511.801
514.445
514.445
531.417
531.48
531.497
531.551
531.618
531.655
531.655
531.669
532.258
