0.589898
0.837206
0.927744
1.11219
1.13853
1.16743
1.19251
1.23582
1.384
1.38697
1.40639
1.40652
1.49465
1.70487
1.71424
1.71437
1.86477
2.07292
2.07339
2.15469
2.17048
2.5419
2.66564
2.67108
2.67152
2.83342
3.59104
3.64241
3.64829
3.65045
5.33365
5.38689
5.43085
5.60531
5.67812
5.98383
6.29395
6.56608
6.58974
6.60099
6.70473
6.8219
7.28678
7.72508
8.0005
8.15696
8.89222
9.42762
9.58268
9.62805
9.66164
10.4599
10.4731
10.6997
10.9251
10.9964
12.0448
12.1435
12.4859
12.7726
12.793
12.9048
13.2093
13.21
13.224
13.486
13.7876
13.7883
13.7894
13.9032
13.9386
14.3281
14.3323
14.3886
14.4763
14.6004
14.7509
14.9833
14.9885
14.9903
15.487
15.6011
15.6776
16.0076
16.01
16.0106
16.4728
16.5113
16.6494
16.8219
16.8366
16.8394
16.8408
16.8431
16.9937
17.2307
17.2359
17.2754
17.3051
17.5409
17.7792
17.7814
17.8111
18.3666
18.6014
18.8344
18.8912
18.9378
19.0899
19.0972
19.1091
19.4973
19.7008
19.7176
20.304
20.3163
20.3923
20.3928
20.4622
20.526
20.5264
20.6054
20.6068
20.91
21.0128
21.0168
21.2141
21.3905
21.7254
21.8573
21.8607
21.8891
22.0698
22.5498
22.5504
23.3182
23.8316
23.832
24.279
24.4046
24.5001
24.5501
24.7571
25.6777
25.6784
25.6813
25.6822
25.6832
25.8084
26.2639
26.414
26.4918
26.8529
27.4693
27.4702
27.4725
27.7312
28.3495
28.417
28.5352
28.6775
29.0687
29.0965
29.2077
29.2253
29.2369
29.279
29.2794
29.322
29.3271
29.5671
29.6129
29.6246
29.735
30.0419
30.1192
30.1578
30.166
30.1661
30.1666
30.2469
30.3418
30.4392
30.4401
30.5772
30.6891
31.2968
31.2968
31.2976
31.3774
31.5049
31.5053
31.5506
31.6097
31.6542
31.6677
32.0608
32.2956
32.4846
32.6724
32.7199
33.0171
33.0176
33.0183
33.2796
33.2828
33.4963
33.4971
33.6543
33.6934
33.717
33.7174
33.7392
33.7392
33.7456
34.8544
35.3439
35.4244
35.6483
35.6487
35.6961
35.76
35.7633
35.8306
35.9054
35.9101
36.0326
36.0477
36.0602
36.197
36.3893
36.3947
36.396
36.4007
36.5875
36.5875
36.5888
36.5902
36.6389
36.8591
36.8607
37.0302
37.0452
37.1515
37.1521
37.1836
37.2159
37.2172
37.2279
37.2296
37.7173
37.7187
37.7952
37.7981
38.2654
38.2863
38.3438
38.4964
38.5006
38.8153
38.8428
38.8437
38.8593
38.875
38.9035
38.9209
39.0013
39.0282
39.2904
39.3459
39.4465
39.5784
39.614
39.6146
39.6154
39.7059
39.9174
40.1564
40.8624
40.8638
40.8998
40.8999
41.5029
41.505
41.506
41.5572
41.5645
41.8393
42.0251
42.098
42.1635
42.1656
42.1658
42.3513
42.3521
42.4741
42.817
42.8332
42.9471
43.1581
43.1637
43.7649
43.9716
44.0697
44.0807
44.0809
44.2177
44.2672
44.2682
44.4961
44.4969
44.5438
44.8855
44.8886
44.9582
44.992
45.0286
45.1413
45.1991
45.4375
45.6824
45.8237
46.1491
46.1497
46.2354
46.2648
46.2758
46.2772
46.3257
46.4374
46.4944
46.7201
46.791
46.7917
46.8766
46.8784
46.9347
46.9413
46.9918
47.4169
47.5113
47.8006
47.9032
49.3679
49.3687
49.7346
49.7623
49.8099
49.8119
49.908
50.2296
50.2327
50.3532
50.8901
50.9287
50.9289
51.3123
51.3151
51.3893
51.3917
51.4036
51.4183
51.6208
51.8678
52.0609
52.078
52.0791
52.1582
52.1711
52.2356
52.2361
53.0536
53.1277
53.3703
53.3783
53.3895
53.7564
53.7569
53.7822
53.869
53.8971
53.9217
53.9222
54.6878
54.6892
54.8502
55.1509
55.1512
55.1546
55.3
55.3035
55.3273
55.52
55.6107
55.6999
55.7004
55.7048
55.8419
55.845
56.8573
56.9904
57.035
57.057
57.1531
57.1552
57.1558
57.3969
58.3534
58.5066
58.5917
58.7195
59.2137
59.2835
59.2917
59.4557
59.4561
59.461
59.4611
60.0749
60.4794
60.5738
60.6985
60.9843
61.0882
61.0983
62.3127
62.3144
62.5789
62.6074
62.667
62.7261
62.7407
62.7956
63.1129
63.2863
63.7579
63.7581
63.8343
63.8611
63.8979
64.3974
64.4002
64.5348
64.5554
64.5767
64.6364
64.6656
64.668
64.6687
64.7321
64.7363
64.7477
64.8173
64.8203
65.2235
65.2279
65.5819
65.5833
65.5847
65.8089
65.8572
65.8604
65.926
65.9994
66.554
66.5588
66.6224
66.7408
67.0978
67.112
67.1341
67.7488
67.7493
68.0431
68.0444
68.1771
68.1864
68.1866
68.1876
68.2186
68.2565
68.4841
68.5049
68.5053
68.6795
68.6804
68.9106
69.0195
69.0787
69.1458
69.187
69.1921
69.552
69.7732
69.9873
70.3605
70.4165
70.5211
70.5439
71.115
71.1845
71.2375
71.347
71.7433
71.7457
71.7474
71.768
71.7692
71.7696
71.7716
71.7745
71.8536
71.9329
71.9336
72.0702
72.0782
72.0974
72.1107
72.2599
72.5568
72.8207
72.8229
72.8383
72.9277
72.9279
72.9456
73.0087
73.1169
73.1174
73.2332
73.5236
73.6007
73.8738
73.9593
74.0279
74.0874
74.0905
74.3598
74.47
74.4705
74.8128
75.0587
75.1862
75.1881
75.3477
75.3489
75.3566
75.4599
75.7475
75.7477
75.751
75.7521
75.9135
75.9192
75.9376
76.0302
76.0713
76.2325
76.5449
76.6285
76.8692
77.001
77.1918
77.3027
77.3737
77.5674
77.5748
77.5748
77.8181
78.291
78.4077
78.409
78.5251
78.586
78.5869
78.5922
79.3043
79.4408
79.4708
79.4716
79.7159
79.7794
79.9549
80.1115
80.1125
80.4426
80.6166
81.3357
81.8009
81.8505
81.853
82.4265
82.4292
82.6476
82.6689
82.6692
82.6697
82.8197
82.8329
83.0366
83.0375
83.0393
83.209
83.3429
83.3434
83.6183
83.635
83.637
83.8813
83.9391
83.9398
84.0688
84.0706
84.1789
84.2773
84.3187
84.4101
84.4108
84.4996
84.5239
84.9403
85.2885
85.2932
85.3736
85.4552
85.62
85.6786
85.8915
86.0264
86.1041
86.2302
86.3876
86.402
86.404
86.4052
86.4838
86.4858
86.9126
86.9129
86.9149
86.9247
87.4089
87.4815
87.6339
87.6477
87.7678
87.7797
87.8676
88.2569
88.5365
88.9913
88.9928
89.0105
89.0664
89.2925
89.6953
89.8769
89.9716
89.9872
90.2114
90.2266
90.2278
90.2292
90.2627
90.2975
90.714
91.0232
91.1829
91.9445
92.0457
92.046
92.0526
92.0987
92.1976
92.6648
92.6654
93.083
93.1408
93.4965
93.4969
93.5269
93.5342
94.3839
94.4779
94.5955
94.5964
94.8986
94.9611
95.0188
95.1093
95.2662
95.2672
95.2684
95.3309
95.3958
95.6387
96.1929
96.2724
96.2845
96.4577
96.6465
96.8724
96.9008
96.9021
97.0635
97.1116
97.1313
97.6342
98.1113
98.1125
98.2454
98.344
98.4439
98.4441
98.7879
99.3946
99.5716
99.5767
99.7681
100.127
100.383
100.5
100.501
100.629
100.643
100.699
100.701
100.704
101.301
101.305
101.377
101.506
101.983
102.132
102.188
102.239
102.295
102.37
102.989
103.117
103.668
103.829
103.829
103.852
104.033
104.079
104.317
104.317
104.331
104.432
104.434
104.527
104.897
105
105.038
105.038
105.109
105.59
105.813
105.817
105.89
105.897
105.898
105.898
106.254
106.255
106.256
106.588
106.596
106.672
106.673
106.674
106.675
106.699
106.838
106.838
106.955
107.059
107.174
107.188
107.268
107.269
107.852
108.366
108.366
108.368
108.498
108.631
108.693
108.944
109.102
109.102
109.181
109.184
109.186
109.188
109.189
109.413
109.413
109.413
109.422
109.423
109.516
109.634
109.634
109.637
109.76
109.876
110.225
110.228
110.29
110.322
110.322
110.545
110.836
111.047
111.086
111.415
111.498
111.634
111.711
112.052
112.116
112.636
112.706
112.898
112.899
113.043
113.074
113.143
113.233
113.414
113.487
114.231
114.501
114.507
114.757
114.868
114.929
114.937
114.937
114.963
115.404
115.8
115.838
116.264
116.393
116.439
116.548
116.606
116.618
116.76
116.76
116.761
116.762
116.804
117.03
117.034
117.071
117.149
117.28
117.879
118.04
118.442
118.483
118.604
118.624
118.946
118.95
119.074
119.386
119.389
119.39
119.403
119.461
119.502
119.503
119.858
119.918
119.923
120.204
120.205
120.223
120.307
120.335
120.638
120.639
120.702
120.708
120.775
120.852
120.944
120.998
121.187
121.407
121.535
121.539
121.596
121.776
121.777
121.821
121.994
122.236
122.239
122.279
122.301
122.312
122.359
122.417
123.018
123.632
123.864
123.864
123.865
124.117
124.17
124.19
124.255
124.262
124.265
124.34
124.38
124.395
124.408
124.641
125.143
125.329
125.366
125.383
125.408
125.434
125.435
125.435
125.548
125.672
126.256
126.315
126.37
126.372
126.373
126.495
126.497
126.607
126.622
126.655
126.752
126.753
126.847
126.94
127.161
127.188
127.213
127.26
127.315
127.316
127.352
127.357
127.764
127.764
127.765
128.076
128.277
128.277
129.077
129.194
129.285
129.405
129.406
129.972
129.972
130.062
130.089
130.297
130.298
130.306
130.308
130.309
130.359
130.644
130.646
130.651
130.656
130.676
131.418
132.536
132.538
132.577
132.613
132.615
132.821
132.979
133.151
134.051
134.603
134.873
134.909
135.011
135.013
135.099
135.364
135.429
135.479
135.504
135.528
135.695
135.697
135.751
135.802
136.003
136.005
136.006
136.203
136.32
136.378
136.453
136.47
136.529
136.764
136.795
136.8
136.832
136.919
137.108
137.31
137.89
137.904
137.906
137.988
137.989
138
138.014
138.85
138.871
138.873
138.999
139.703
139.703
139.706
139.918
140.176
140.176
140.178
140.22
140.695
140.74
140.742
140.883
140.924
140.966
140.966
141.05
141.107
141.199
141.287
142.046
142.048
142.098
142.1
142.385
142.503
142.505
142.589
142.593
142.759
142.975
142.976
143.057
143.139
143.179
143.929
144.264
144.482
144.546
144.548
144.593
144.593
144.812
144.812
144.812
144.823
144.824
145.023
145.555
145.707
145.748
146.716
146.806
146.876
146.991
146.992
146.992
147.02
147.273
147.295
147.341
147.377
147.381
147.383
147.385
147.582
147.686
147.708
147.801
147.976
148.105
148.264
148.572
148.761
148.764
148.851
148.851
148.993
148.993
149.24
149.265
149.305
149.435
149.437
150.482
151.102
151.186
151.622
151.852
151.954
152.175
152.652
152.653
152.789
152.79
152.893
152.945
153.183
153.425
154.112
154.376
154.394
154.582
154.587
154.683
154.749
154.749
154.884
154.947
154.967
154.97
155
155.102
155.114
155.118
155.155
155.5
155.528
155.53
155.533
155.533
155.535
155.536
155.536
155.581
155.581
155.596
155.598
155.738
156.001
156.053
156.054
156.2
156.202
156.77
156.893
156.953
157.163
157.395
157.397
157.638
157.678
157.678
157.827
158.415
158.566
158.579
158.58
158.674
158.678
159.543
159.742
160.311
160.311
160.315
160.371
160.822
160.991
161.158
161.172
161.174
161.187
161.449
161.449
161.609
161.621
162.038
162.27
162.323
162.323
162.741
162.742
162.744
163.07
163.441
163.443
163.529
163.557
164.447
164.642
164.648
164.648
164.904
164.905
164.941
165.08
165.221
165.454
165.463
165.683
165.691
165.879
165.893
165.911
166.096
166.48
166.577
166.667
167.159
167.178
167.232
167.271
167.612
167.695
167.911
168.225
168.562
169.061
169.075
169.405
169.611
169.929
170.145
170.154
170.202
170.242
170.245
170.247
170.868
170.95
170.961
170.963
170.975
171.012
171.05
171.05
171.109
171.151
171.371
171.388
171.739
172.321
172.881
172.889
172.89
172.893
173.058
174.53
174.637
174.962
174.963
175.161
175.185
175.185
175.284
175.701
175.795
176.145
176.396
176.492
176.69
176.92
176.921
177.052
177.059
177.51
177.511
177.661
178.01
178.715
178.725
178.73
178.734
178.873
178.917
178.983
179.147
179.149
179.327
179.634
179.839
179.839
179.839
179.84
180.014
180.132
180.282
180.369
180.553
180.577
180.612
180.768
180.774
180.881
180.882
181.424
181.426
182.227
182.466
182.686
182.752
183.315
183.528
183.739
183.815
183.854
183.854
183.974
183.982
184.501
184.582
184.583
184.616
184.616
184.649
185.199
185.358
185.456
185.594
185.607
185.609
185.614
185.753
185.755
186.149
186.236
186.32
186.466
186.627
186.821
187.019
188
188.289
188.29
188.559
188.561
188.564
188.647
188.783
188.87
189.151
189.151
189.764
189.785
189.926
190.052
190.106
190.221
190.677
190.757
190.759
190.759
191.031
191.032
191.091
191.159
191.216
191.218
191.224
191.264
191.273
192.103
192.192
192.193
192.213
192.289
192.447
192.509
192.584
192.587
192.823
193.336
193.395
193.476
193.477
193.887
193.896
193.925
194.106
194.202
194.204
194.217
194.218
194.308
194.541
194.886
194.886
195.021
195.022
195.252
195.367
195.635
196.042
196.198
196.596
196.632
196.874
197.053
197.126
197.127
197.201
197.231
198.149
198.291
198.349
199.032
199.046
199.126
199.307
199.621
199.64
199.677
199.831
200.087
200.167
200.169
200.203
200.204
200.246
200.5
200.501
200.971
200.974
200.975
201.02
201.134
201.573
201.648
201.648
201.678
201.734
201.736
201.763
201.763
201.764
201.842
202.091
202.254
202.27
202.274
202.356
202.414
202.42
202.428
202.467
202.469
202.47
202.473
202.701
202.701
202.764
203.33
203.332
203.632
203.747
203.929
204.04
204.271
204.272
204.285
204.356
204.367
204.443
204.531
204.531
204.62
204.982
205.397
205.425
205.426
205.474
205.477
205.477
205.512
205.676
205.72
205.915
206.009
206.075
208.098
208.101
208.436
208.522
208.653
208.795
208.835
208.858
209.067
209.084
209.518
209.679
210.111
210.112
210.276
210.327
210.327
210.521
210.547
210.619
210.781
210.825
210.84
210.84
211.015
211.154
211.189
211.212
211.327
211.615
211.641
211.711
211.802
211.802
211.91
211.912
211.912
211.949
212.013
212.024
212.396
212.581
212.59
213.009
213.012
213.013
213.073
213.075
213.078
213.078
213.298
213.309
213.499
213.545
213.784
213.807
213.807
214.196
214.245
214.668
214.734
214.736
215.176
215.611
215.638
215.679
215.808
215.811
215.814
215.823
215.855
215.855
215.864
216.294
216.372
216.803
216.803
216.815
217.092
217.373
218.116
218.117
218.976
218.977
219.045
219.197
219.217
219.299
219.3
219.433
219.451
219.465
219.466
219.504
219.525
219.702
219.973
220.417
220.487
220.676
220.677
220.806
220.807
220.809
220.828
221.088
221.089
221.09
221.491
221.494
221.521
221.873
222.323
222.416
222.502
222.503
222.503
222.504
222.587
222.588
222.886
223.037
223.041
223.124
223.244
223.244
223.244
223.25
223.251
223.778
223.926
223.93
224.34
224.367
224.396
224.744
224.747
224.848
225.297
225.33
225.604
225.684
225.741
226.044
226.063
226.346
226.559
226.712
227.624
227.716
227.918
228.455
228.567
228.71
228.77
228.804
228.824
229.132
229.135
229.181
229.308
229.385
229.596
229.596
229.887
229.888
230.019
230.02
230.115
230.282
230.496
230.536
230.944
230.946
231.026
231.089
231.287
231.287
231.769
232.062
232.107
232.162
232.263
232.287
232.287
232.319
232.32
232.321
232.365
232.368
232.369
232.427
233.016
233.222
233.279
233.336
233.338
233.614
233.616
233.634
233.863
233.865
233.867
233.868
233.868
233.909
234.146
234.148
234.156
234.255
234.256
234.258
234.372
234.91
234.913
234.939
234.94
235
235.097
235.838
235.839
235.905
235.907
235.911
235.926
235.935
236.03
236.074
236.085
236.427
236.778
236.811
236.871
236.946
237.006
237.023
237.335
237.454
237.654
237.655
237.656
237.819
237.819
237.894
237.917
237.918
238.389
238.406
238.406
238.423
238.456
238.469
238.812
238.83
238.836
238.838
238.845
238.924
238.924
238.982
239.045
239.17
239.173
239.252
239.253
239.484
239.488
239.488
239.537
239.537
239.539
239.54
239.54
240.336
240.853
240.854
240.938
240.95
241.377
241.405
241.53
241.553
241.559
241.579
241.88
241.881
242.04
242.267
242.272
242.272
242.278
242.281
242.364
242.517
242.518
242.952
242.952
243.02
243.024
243.105
243.481
243.671
243.671
243.802
243.84
243.841
243.875
243.972
244.061
244.062
244.068
244.069
245.04
245.052
245.062
245.076
245.141
245.179
245.23
245.231
245.286
245.351
245.353
245.408
245.409
245.42
245.451
245.452
245.453
245.503
245.633
245.639
245.646
245.722
245.832
245.834
245.859
246.283
246.771
246.878
246.985
247.097
247.098
247.132
247.159
247.163
247.177
247.243
247.308
247.425
247.61
248.109
248.41
248.615
248.723
248.759
249.07
249.219
249.238
249.273
249.361
249.459
249.512
249.939
250.267
250.274
250.579
250.639
250.641
250.644
250.864
250.866
251.006
251.044
251.116
251.136
251.272
251.438
251.525
251.525
251.526
251.528
251.844
252.101
252.107
252.124
252.153
252.208
252.355
252.355
252.417
252.776
252.939
253.045
253.161
253.891
253.892
254.006
254.208
254.652
254.755
254.861
254.868
254.891
255.52
255.627
255.668
256.251
256.277
256.668
256.778
256.83
256.859
256.863
256.889
257.262
257.262
257.906
257.946
258.014
258.018
258.34
258.384
258.607
259.039
259.042
259.043
259.044
259.61
259.647
259.717
259.718
259.796
259.796
259.798
260.059
260.548
260.909
260.91
261.102
261.284
261.328
261.517
261.621
261.721
261.916
261.992
262.527
262.606
262.654
262.742
262.753
262.833
263.144
263.323
263.324
263.548
263.549
263.55
263.933
263.964
263.976
264.055
264.07
264.159
264.162
264.168
264.608
264.608
264.639
264.829
264.875
264.878
265.119
265.158
265.178
265.398
265.456
265.822
265.823
265.88
266.194
266.498
266.536
266.575
267.054
267.079
267.104
267.124
267.124
267.402
268.665
268.883
269.069
269.175
269.237
269.323
269.43
269.804
270
270.025
270.077
270.603
270.702
271.461
272.045
272.094
272.317
272.674
272.807
272.807
272.843
272.884
273.03
273.073
273.08
273.218
273.497
273.738
273.823
273.897
273.925
274.26
274.316
274.491
274.491
274.655
274.784
274.876
275.079
275.182
275.538
275.586
275.69
275.819
275.821
275.903
276.03
276.207
276.269
276.27
276.551
276.552
276.56
277.07
277.138
277.744
277.744
277.812
278.325
278.524
278.637
278.945
279.396
279.397
279.455
279.496
279.673
279.721
279.809
279.897
280.036
280.075
280.472
280.496
280.588
280.636
280.66
280.714
281.238
281.272
281.364
282.045
282.09
282.101
282.634
282.664
283.254
283.639
283.958
283.959
284.532
284.96
284.962
284.983
285.302
285.337
285.372
285.445
285.446
285.56
285.586
285.659
285.659
285.897
286.04
286.068
286.466
286.489
286.519
286.647
286.778
286.948
287.25
287.297
287.891
287.892
287.894
287.896
288.039
288.247
288.452
288.58
288.705
288.728
289.167
289.3
289.322
289.345
289.513
289.514
289.832
289.898
289.9
289.981
290.424
290.438
290.476
290.59
290.592
290.739
290.775
290.798
291.022
291.079
291.079
291.12
291.12
291.192
291.304
291.485
291.485
291.532
291.98
291.995
292.217
292.272
292.7
293.095
293.148
293.343
293.4
293.709
293.71
293.969
294.02
294.073
294.157
294.161
294.428
294.564
294.584
294.905
294.933
294.934
295.277
295.277
295.279
295.679
295.812
295.925
296.08
296.207
296.253
296.588
296.6
296.74
297.077
297.077
297.964
298.096
298.216
298.231
298.308
298.388
298.62
298.622
298.976
298.976
298.999
298.999
299.007
299.064
299.106
299.228
299.476
299.477
299.83
299.868
299.891
299.952
300.453
300.926
301.063
301.077
301.101
301.195
301.239
301.282
301.7
301.721
301.917
301.92
302.347
302.788
302.819
302.819
302.82
302.971
303.07
303.416
303.418
303.571
303.855
304.467
304.502
304.571
304.577
304.718
304.722
304.961
305.077
305.23
305.244
305.325
305.379
305.381
305.383
305.388
305.517
305.737
305.871
306.239
306.35
306.383
306.655
306.695
307.113
307.14
307.212
307.371
307.372
307.733
308.14
308.405
308.409
308.411
308.875
308.876
308.876
308.898
308.914
308.978
309.099
309.099
309.301
309.365
309.368
310.112
310.22
310.23
310.408
310.411
310.467
310.479
310.707
310.903
310.904
310.911
311.219
311.481
311.486
311.556
311.556
311.556
311.591
311.687
311.864
311.88
311.948
311.971
311.982
312.114
312.32
312.323
312.329
312.332
312.338
312.401
312.433
312.435
312.456
312.548
312.833
312.856
313.018
313.027
313.039
313.834
313.863
314.074
314.106
314.106
314.108
314.233
314.377
314.539
314.738
314.738
314.812
314.938
315.288
315.364
315.425
315.559
315.781
316.024
316.083
316.284
316.354
316.426
316.626
316.866
316.871
316.96
317.418
317.426
317.504
317.599
317.6
317.652
317.653
317.687
317.729
317.775
317.852
318.338
318.729
318.748
319.501
319.569
319.919
319.92
319.949
320.11
320.245
320.245
320.302
320.323
320.458
320.477
320.702
320.819
320.834
321.659
321.663
321.709
322.17
322.17
322.239
322.242
322.314
322.32
322.322
322.325
322.326
322.328
322.479
322.748
322.894
323.009
323.148
323.183
323.183
323.669
323.77
323.978
324.038
324.466
324.598
324.599
324.668
324.706
324.734
324.807
325.311
325.333
326.015
326.284
326.287
326.758
326.925
327.847
327.848
327.944
327.946
327.946
327.958
327.963
327.963
327.99
327.995
328.148
328.216
328.242
328.3
328.301
328.73
329.341
329.447
329.447
329.514
329.519
329.566
330.184
330.402
330.524
330.525
331.188
331.189
331.36
331.414
331.499
331.574
331.666
331.714
332.006
332.21
332.265
332.267
332.664
332.664
332.794
332.947
332.982
334.028
334.028
334.1
334.551
334.643
335.048
335.05
335.05
335.232
335.261
335.425
335.425
335.426
335.426
335.438
335.474
336.991
337.094
337.096
337.18
337.891
337.92
337.966
338.032
338.264
338.317
338.317
338.317
338.455
338.631
338.639
338.973
339.22
339.825
339.913
340.564
340.565
340.566
341.222
341.313
341.314
341.864
341.865
342.115
342.719
342.984
342.986
343.082
343.085
343.268
343.534
343.602
343.602
343.685
343.765
343.767
344.438
344.675
345.171
345.171
345.245
345.605
345.69
346.131
346.139
346.214
346.215
346.228
346.314
346.314
346.616
346.619
346.624
346.624
346.705
346.746
346.748
346.848
346.851
346.851
346.888
346.91
346.939
347
347.001
347.098
347.139
347.306
347.306
347.309
347.309
347.429
347.43
347.491
347.887
348.057
348.061
348.341
348.366
348.429
348.625
348.66
349.015
349.075
349.23
349.231
349.24
349.498
349.824
349.826
350.003
350.013
350.029
350.06
350.184
350.185
350.204
350.437
350.512
350.606
350.946
350.971
351.124
351.386
351.723
351.752
351.871
351.889
352.334
352.335
352.395
352.916
353.051
353.075
353.111
354.359
354.408
354.409
354.413
354.417
354.651
354.73
355.14
355.293
355.512
355.512
355.519
355.605
355.813
355.832
355.976
356.076
356.175
356.802
356.82
356.827
357.105
357.123
357.42
357.586
357.805
357.844
358.212
358.258
358.332
358.421
359.002
359.02
359.474
359.476
359.832
360.006
360.079
360.291
360.297
360.359
360.494
360.698
360.845
361.247
361.249
361.681
361.91
362.189
362.233
362.269
362.412
362.412
362.806
362.821
362.948
363.203
363.812
363.813
364.435
364.873
364.957
365.018
365.019
365.149
365.149
365.154
365.2
365.201
365.606
365.63
365.75
365.821
366.096
366.103
366.104
366.199
366.205
366.214
367.012
367.115
367.257
367.258
367.298
367.428
367.637
367.825
368.007
368.014
368.192
368.192
368.207
368.296
368.297
368.333
368.334
368.335
368.652
368.654
368.669
368.67
368.7
368.73
368.734
368.736
369.06
369.274
369.491
369.563
369.744
369.748
369.756
370.513
370.513
370.522
370.651
370.741
370.752
370.778
370.812
370.845
371.006
371.061
371.171
371.967
372.045
372.046
372.062
372.324
372.41
372.723
372.724
373.063
373.065
373.454
373.923
373.954
374.158
374.338
374.567
374.593
374.714
374.717
375.156
375.158
375.754
375.9
376.097
376.098
376.299
376.497
376.811
376.85
376.912
377.121
377.193
377.33
377.353
377.458
377.468
377.468
377.48
377.526
377.527
377.529
377.611
377.632
377.635
377.835
378.04
378.147
378.161
378.171
378.205
378.288
378.291
378.337
378.362
378.455
378.559
378.93
378.931
378.941
379.274
379.276
379.613
379.769
379.77
380.558
380.559
380.561
380.583
380.778
381.055
381.064
381.497
381.514
381.515
381.814
381.815
381.901
382.023
382.081
382.082
382.22
382.419
382.421
382.579
382.579
382.621
382.797
382.801
382.895
383.042
383.069
383.317
383.32
383.352
383.355
383.363
383.363
383.81
384.308
384.324
384.397
384.531
385.208
385.208
385.766
385.767
385.865
385.926
386.221
386.237
386.304
386.706
387.335
387.479
387.609
388.345
388.454
388.775
388.777
388.947
389.731
389.732
389.742
390.327
390.33
390.553
390.981
391.342
391.343
391.489
391.49
391.595
391.596
391.869
392.135
392.231
392.232
392.358
392.426
392.455
392.673
392.779
392.831
392.928
393.038
393.073
393.132
393.378
393.435
393.501
393.693
393.794
393.803
393.828
393.884
394.009
394.013
394.014
394.229
394.249
394.261
394.282
394.345
394.651
394.655
394.655
394.673
394.705
394.795
394.797
394.798
394.951
395.012
395.017
395.018
395.268
395.273
395.281
395.281
395.32
395.354
395.45
395.517
395.524
395.792
395.792
396.202
396.202
396.354
396.645
396.666
396.685
397.079
398.07
398.111
398.111
398.159
398.75
398.762
398.772
398.775
398.812
398.847
399.125
399.367
399.369
399.369
399.374
399.503
400.284
400.415
401.08
401.186
401.206
401.43
401.476
401.479
401.539
401.581
401.637
401.831
401.831
401.847
401.852
401.929
401.939
401.945
402.019
402.212
402.265
402.267
402.267
402.905
402.906
402.924
402.952
403.043
403.044
403.376
403.68
403.854
403.854
403.877
404.009
404.142
404.142
404.154
404.205
404.31
404.367
404.368
404.513
404.598
404.638
404.645
404.648
404.767
404.917
404.92
405.08
405.458
405.458
405.857
405.986
405.986
405.996
407.043
407.105
407.107
407.152
407.238
407.261
407.292
407.339
407.435
408.442
408.445
408.447
408.533
408.566
409.051
409.345
409.36
409.444
409.9
409.978
410.088
410.266
410.267
410.747
410.814
410.983
411.109
411.555
411.557
411.595
411.626
411.754
411.833
411.833
411.847
411.85
411.851
412.264
412.388
412.493
412.536
412.637
412.728
412.757
413.029
413.05
413.152
413.405
413.523
414.112
414.112
414.141
414.162
414.163
414.168
414.385
414.611
414.919
414.988
415.172
415.215
415.947
416.001
416.123
416.549
416.622
416.751
416.919
416.95
417.56
417.619
417.62
417.918
417.972
418.059
418.064
418.113
418.114
418.29
418.563
419.244
419.591
420.001
420.002
420.149
420.386
420.656
420.694
420.696
421.537
421.64
422.052
422.326
422.332
422.333
422.403
422.561
422.561
422.883
424.059
424.059
424.117
424.46
424.645
424.956
424.972
425.145
425.249
425.322
425.588
425.638
425.771
426.019
426.019
426.058
426.265
426.288
426.322
426.38
426.505
426.527
426.633
427.146
427.183
427.193
427.194
427.637
427.646
428.629
428.882
428.883
429.535
429.538
429.617
429.628
429.675
429.789
429.795
429.796
429.873
429.992
430.567
430.635
430.698
430.699
430.926
431.125
431.74
431.817
431.994
432.256
432.519
432.553
432.75
432.815
432.949
432.951
432.963
433.006
433.072
433.183
433.41
433.423
434.099
434.123
434.124
434.417
434.62
435.06
435.103
435.103
435.105
435.218
435.617
435.631
435.682
435.682
435.683
435.755
435.788
435.788
436.147
436.313
436.337
436.387
436.611
436.663
438.197
438.324
438.465
438.494
438.715
438.849
438.856
438.861
439.079
439.081
439.11
439.192
439.248
439.25
439.614
439.614
439.616
439.649
439.929
440.422
440.558
440.768
440.927
441.03
441.031
441.033
441.067
441.526
441.741
441.744
441.887
441.928
441.929
441.932
441.935
441.935
441.94
441.94
442.255
442.255
442.26
442.306
442.308
442.343
442.631
442.649
442.721
442.723
442.724
442.725
442.726
442.726
443.17
443.171
443.171
443.326
443.833
444.769
444.988
445.141
445.279
445.497
445.574
445.621
445.621
445.621
445.651
445.653
446.105
446.149
446.972
447.053
447.084
447.09
447.214
447.254
447.301
447.302
447.303
447.439
447.501
447.544
447.696
447.729
447.854
447.856
447.899
447.903
447.952
447.953
448.008
448.182
448.223
448.227
448.287
448.307
448.31
448.311
448.333
448.466
448.669
448.67
448.734
448.734
448.736
448.932
449.134
449.246
449.49
449.492
449.603
449.682
449.808
449.935
449.938
450.035
450.051
450.053
450.131
450.775
450.787
450.81
450.929
450.93
450.98
451.123
451.277
451.29
451.581
451.701
452.222
452.273
452.569
452.792
453.159
453.599
453.614
453.714
453.764
453.796
453.854
453.922
454.22
454.511
454.822
455.191
455.267
455.269
455.283
455.333
455.404
455.472
455.6
455.838
455.841
455.879
456.09
456.226
456.577
456.619
456.623
456.743
457.159
457.168
457.223
457.386
457.688
457.786
458.361
458.362
458.56
458.715
458.922
458.969
458.974
459.291
459.457
459.508
459.516
459.577
459.856
460.235
460.236
460.456
460.909
460.952
461.139
461.176
461.253
461.428
461.43
461.53
462.018
462.132
462.173
462.191
462.395
462.396
462.561
462.605
462.622
462.711
462.837
462.998
463.173
463.294
463.366
463.367
463.762
463.987
463.989
463.991
464.202
464.266
464.288
464.289
464.432
464.434
464.459
464.514
464.514
464.732
465.006
465.134
465.208
465.417
465.418
465.434
465.785
465.921
466.064
466.81
466.949
466.949
467.277
467.284
467.56
467.579
467.683
467.787
467.826
467.892
467.892
468.08
468.082
468.164
468.244
468.543
468.944
469.244
469.246
469.403
469.563
469.706
469.783
469.784
470.373
470.787
470.804
470.918
471.114
471.136
471.183
471.184
471.238
471.363
471.62
471.622
471.709
471.747
471.968
472.119
472.26
472.447
472.518
472.556
472.693
472.77
472.771
472.772
472.866
473.183
473.281
473.289
473.776
474.008
474.008
474.14
474.295
474.391
474.543
474.575
474.669
474.671
474.748
474.748
474.975
475.536
475.538
475.539
475.585
475.588
475.614
475.615
475.62
475.656
475.661
475.692
475.865
475.928
475.954
475.955
476.101
476.189
476.291
476.596
476.783
476.87
478.054
478.143
478.209
478.491
478.491
478.769
478.893
479.03
479.292
479.492
479.651
479.652
479.751
479.794
480.044
480.118
480.198
480.201
480.202
480.202
480.466
480.467
480.523
480.581
480.587
480.598
480.656
480.866
480.866
480.869
480.87
480.884
481.259
481.441
481.441
481.508
481.742
481.878
481.878
482.797
482.798
482.838
482.84
482.842
483.345
483.51
483.512
483.845
484.043
484.097
484.199
484.251
484.251
484.325
484.473
484.474
484.612
484.802
484.946
485.369
485.519
485.558
485.938
485.939
485.961
485.963
486.299
486.431
486.439
486.521
486.552
486.639
486.642
486.745
486.937
487.295
487.348
487.383
488.761
488.761
488.763
488.765
488.766
488.889
489.127
489.128
489.305
489.307
489.307
489.389
489.463
489.555
489.569
489.647
490.099
490.1
490.103
490.449
491.461
491.516
491.543
491.544
491.657
491.768
491.824
492.271
492.447
493.173
493.198
493.556
493.678
493.843
493.845
493.862
494.034
494.036
494.263
494.264
494.274
494.514
494.519
494.522
494.536
494.605
494.609
494.653
494.654
494.83
494.839
494.927
495.39
495.604
495.608
495.611
495.613
495.791
495.98
496.074
496.082
496.226
496.361
496.619
496.645
496.648
496.698
496.706
496.762
497.174
497.175
497.236
497.713
497.713
497.78
497.928
498.385
498.385
498.411
498.616
498.709
498.807
499.092
499.325
499.468
499.577
499.58
500.065
500.344
501.036
501.811
501.816
501.817
501.857
501.949
502.232
502.783
503.367
503.46
503.462
503.6
503.65
503.735
503.735
503.748
503.749
503.938
503.938
503.938
504.243
504.244
504.299
504.415
504.47
505.284
505.336
505.478
505.745
505.75
505.822
505.845
506.524
506.568
506.812
506.88
506.91
506.984
507.214
507.218
507.666
507.67
507.746
508.114
508.253
508.253
508.386
508.441
508.508
508.514
508.686
508.715
508.861
508.861
508.949
509.078
509.18
509.341
509.363
509.365
509.607
509.666
511.219
511.562
511.591
511.604
511.604
511.911
512.109
512.191
513.12
513.122
513.124
513.562
513.563
513.563
513.574
513.575
513.575
513.812
513.828
513.83
513.83
513.923
513.979
513.98
513.98
514.036
514.037
514.212
514.769
514.77
514.77
514.771
514.776
514.86
515.104
515.377
515.445
515.754
515.947
516.004
516.925
516.927
516.927
516.928
517.027
517.12
517.12
517.122
517.172
517.174
517.175
517.218
517.327
517.437
517.538
518.174
518.453
518.454
519.367
519.372
519.377
519.378
519.378
519.438
519.504
519.516
519.627
519.628
520.152
520.155
520.239
520.402
520.407
520.408
520.409
520.45
520.451
520.704
520.815
521.995
522.077
522.28
522.332
522.398
522.59
523.212
523.219
523.227
523.269
523.287
523.453
523.723
523.912
523.94
523.942
524.119
524.13
524.439
524.713
524.979
524.98
525.043
525.084
525.733
525.74
525.74
525.74
525.824
526.448
526.471
526.475
526.538
526.924
526.925
526.927
527.076
527.077
527.078
527.216
527.216
527.217
527.277
527.761
527.766
527.766
528.114
529.331
529.73
529.91
529.916
530.013
530.015
530.03
530.068
530.174
530.268
531.53
531.584
531.89
531.895
531.938
532.103
532.106
532.16
532.228
532.23
532.246
532.264
532.407
532.51
532.628
532.629
532.713
532.713
532.749
532.75
532.93
532.933
533.096
533.098
533.098
533.3
533.597
533.598
533.599
533.602
533.742
533.747
533.751
533.86
533.861
533.878
534.011
534.012
534.257
534.375
534.682
534.683
534.907
535.785
535.929
535.931
535.937
535.956
536.073
536.183
536.196
536.401
536.432
536.433
536.641
536.711
536.725
536.835
536.856
536.925
536.99
537.085
537.367
537.373
537.373
537.411
537.47
537.57
537.625
537.685
537.985
537.99
538.049
538.086
538.087
538.303
538.508
538.529
538.875
539.016
539.097
539.1
539.38
539.414
539.486
539.884
540.136
540.157
540.37
540.564
541.096
541.12
541.184
541.313
542.168
542.26
542.386
542.42
542.788
542.788
542.809
542.824
542.945
542.975
543.447
543.452
543.455
544.164
544.355
544.893
544.935
545.579
545.751
545.758
545.797
545.8
546.134
546.395
546.42
546.497
546.53
546.65
546.913
547.039
547.715
548.408
548.418
548.525
549.043
549.123
549.124
549.368
549.752
550.173
550.538
550.674
551.201
551.411
551.567
552.051
552.052
552.054
552.059
552.06
552.167
552.167
552.167
552.225
552.323
552.323
552.326
552.409
552.425
552.465
552.78
552.798
553.175
553.197
553.275
553.321
553.567
554.593
554.596
554.597
554.597
554.726
554.726
555.36
555.716
555.796
555.813
555.994
556.146
556.148
556.258
556.579
556.584
556.596
556.598
556.599
556.637
556.846
556.849
556.853
556.855
558.32
558.501
558.509
558.812
558.813
558.813
558.912
559.538
559.551
560.786
560.791
562.451
562.686
562.751
562.765
562.767
562.772
562.831
562.833
562.985
563.341
563.352
563.448
563.499
563.518
563.549
563.77
563.915
563.987
564.105
564.105
564.213
564.255
564.255
564.647
564.647
564.648
564.997
564.998
565.227
565.292
565.318
565.324
565.527
565.749
565.751
565.789
565.79
565.932
565.973
566.314
566.402
566.52
566.836
567.328
567.387
567.495
567.884
568.017
568.436
569.287
569.288
569.79
569.872
570.062
570.065
570.318
570.639
570.657
570.677
570.678
570.863
570.937
570.938
571.033
571.046
571.446
571.574
571.628
572.021
572.023
572.028
572.056
572.07
572.219
572.22
572.22
572.222
572.801
572.808
572.809
572.865
572.865
573.342
573.373
573.803
573.804
573.889
574.191
574.225
574.437
574.85
574.861
574.877
574.955
575.092
575.208
575.284
575.32
575.322
575.323
575.694
575.884
575.989
575.989
576.045
576.105
576.153
576.295
576.389
576.489
576.782
576.831
576.833
576.947
577.216
577.669
577.738
577.773
577.773
577.776
577.777
577.928
577.928
578.018
578.021
578.271
578.407
578.508
578.528
578.772
578.944
579.05
579.267
579.5
579.652
579.722
579.794
579.794
579.889
579.889
580.081
580.086
580.099
580.112
580.112
580.115
580.119
580.119
580.355
580.366
580.366
580.847
580.89
581.315
581.923
581.93
582.004
582.059
582.194
582.354
582.418
582.472
582.629
582.634
583.54
583.541
583.543
583.627
583.815
583.819
583.819
583.964
583.966
584.098
584.246
584.271
584.359
584.36
584.401
584.862
584.892
584.893
584.894
584.951
585.291
585.444
585.57
585.765
585.804
585.911
585.912
585.994
586.024
586.229
586.234
586.962
587.026
587.026
587.029
587.156
587.361
588.866
589.101
589.104
589.193
589.194
589.368
589.412
589.579
589.919
589.931
589.932
590.188
590.309
590.755
590.755
591.496
591.496
591.496
591.498
592.153
592.817
592.872
592.935
593.044
593.181
593.405
593.41
593.449
593.76
593.778
593.956
593.956
594.039
594.084
594.854
594.856
595.005
595.286
595.535
596.007
596.744
596.769
596.769
596.92
597.373
597.374
597.849
598.05
598.365
598.367
598.368
598.371
598.41
598.481
598.694
599.009
599.113
599.236
599.569
599.591
599.594
600.24
600.241
600.305
600.316
600.32
600.386
600.454
600.494
600.502
600.604
600.816
600.837
601.787
601.791
601.809
601.993
602.063
602.073
602.115
602.116
602.18
602.258
602.932
603.063
603.343
603.399
603.472
603.472
603.476
603.505
603.507
603.507
603.655
604.075
604.082
604.092
604.12
604.136
604.154
604.155
604.156
604.175
604.194
604.247
604.414
604.476
604.621
604.784
604.839
604.908
604.956
604.976
605.033
605.23
605.59
605.594
605.627
605.639
605.724
605.733
605.873
606.012
606.19
606.337
606.339
607.289
607.297
607.423
607.785
607.872
607.875
608.177
608.389
608.391
608.428
608.605
608.605
608.63
608.904
608.988
609.258
609.323
609.326
609.836
609.838
609.968
610.138
610.408
610.411
610.466
611.112
611.302
611.391
611.66
611.72
611.941
612.007
612.705
612.952
613.003
613.017
613.044
613.318
613.452
613.581
613.637
613.648
613.659
614.405
614.655
615.133
615.134
615.194
615.223
615.258
615.258
615.259
615.26
615.323
615.345
615.355
615.633
615.846
615.919
615.938
615.979
616.065
616.117
616.226
616.531
616.584
616.709
616.713
616.762
616.839
616.894
617.025
617.026
617.028
617.064
617.225
617.353
617.848
617.851
617.936
618.152
618.159
618.33
618.494
619.027
619.226
619.468
619.504
619.506
619.561
621.227
621.426
621.805
621.97
622.061
622.482
622.564
622.661
622.665
623.016
623.301
623.302
623.485
623.486
623.489
623.498
623.568
623.68
623.747
624.09
624.154
624.276
624.292
624.329
624.383
624.384
624.385
624.54
624.568
624.591
624.64
624.798
625.257
625.281
625.361
625.362
625.709
625.709
625.764
625.779
625.921
625.941
626.134
626.279
626.846
627.006
627.529
627.544
627.795
627.795
627.796
627.797
627.797
627.878
627.956
628.031
628.075
628.098
628.098
628.14
628.141
628.144
628.456
628.456
628.496
628.736
628.846
628.961
629.022
629.023
629.149
629.175
630.489
630.601
630.738
630.739
630.833
630.87
631.02
631.271
631.41
631.426
631.43
631.441
631.483
631.799
631.801
631.817
632.509
632.795
632.796
632.826
632.991
633.252
633.257
633.517
633.525
633.706
633.806
634.229
634.354
634.459
634.473
634.523
634.525
634.525
634.527
634.641
634.679
634.732
634.737
634.757
634.764
634.87
635.362
635.4
635.436
635.508
635.835
635.985
636.039
636.133
636.134
636.159
636.359
636.452
636.647
636.944
637.257
637.378
637.413
637.849
637.92
638.202
638.533
638.534
638.571
638.578
638.607
638.85
639.158
639.234
639.409
639.413
639.413
639.444
639.465
639.5
639.686
639.809
639.811
639.853
639.855
640.005
640.158
640.178
640.403
640.451
640.643
640.719
640.862
640.894
640.894
641.732
641.762
641.947
642.109
642.248
642.324
642.473
642.478
642.529
642.685
642.839
642.907
642.966
642.997
642.997
643.126
643.165
643.399
643.483
643.572
643.573
643.574
643.778
644.039
644.673
644.673
645.017
645.027
645.049
645.088
645.09
645.203
645.203
645.569
645.581
645.862
645.872
645.874
646.18
646.501
646.508
646.608
646.668
646.774
647.042
647.043
647.335
647.395
647.9
647.985
648.056
648.152
648.154
648.376
648.435
648.439
648.735
648.792
648.797
648.802
648.804
649.345
649.346
649.672
649.879
649.967
649.992
649.993
650
650.245
650.272
650.351
650.353
650.387
650.409
650.803
651.038
651.04
651.04
651.284
651.384
651.412
651.481
651.484
651.495
651.655
651.698
651.753
651.759
651.809
651.895
652.049
652.173
652.522
652.529
652.572
652.574
652.96
652.989
653.062
653.097
653.325
653.365
653.708
653.71
653.767
653.768
653.799
654.309
654.311
654.35
654.35
654.501
654.505
654.506
654.516
654.709
655.091
655.092
655.092
655.27
655.749
655.75
655.75
655.761
655.764
655.893
656.188
656.727
656.727
656.733
656.859
657.363
657.41
657.541
657.567
657.672
657.704
657.746
657.763
657.962
658.239
658.264
658.464
658.465
658.499
658.506
658.596
658.616
658.831
659.114
659.436
659.731
659.733
659.74
659.911
659.981
659.982
659.983
660.164
660.165
660.946
660.946
660.946
661.02
661.266
661.267
661.444
661.614
661.616
661.66
661.89
661.977
661.978
662.05
663.86
663.887
664.223
664.277
664.439
664.901
664.947
665.003
665.184
665.231
665.571
665.987
666.58
666.827
667.303
668.474
668.474
668.481
668.482
668.578
668.685
668.708
668.959
669.678
669.819
669.87
669.932
670.138
670.144
670.562
670.575
670.576
670.577
670.577
670.654
670.777
671.055
671.06
671.063
671.324
671.324
671.493
671.535
671.853
671.878
671.917
672.038
672.054
672.321
672.333
672.347
672.448
672.45
672.506
672.575
672.668
673.088
673.095
673.216
673.523
673.667
673.824
673.826
674.108
674.153
674.367
674.408
674.418
674.429
674.713
674.776
674.852
674.965
674.966
675
675.001
675.045
675.049
675.061
675.09
675.211
675.256
675.431
675.455
675.456
675.646
675.674
675.873
675.873
676.064
676.283
676.436
676.458
676.471
676.59
677.04
677.128
677.219
677.222
677.319
677.403
677.649
677.672
677.934
678.314
678.577
678.709
678.709
678.789
678.791
679.215
679.875
679.971
679.982
679.982
680.003
680.115
680.585
680.894
681.024
681.217
681.565
681.61
681.824
681.908
681.909
682.545
682.549
682.82
683.067
683.067
683.096
683.639
683.64
683.833
683.875
684.049
684.053
684.129
684.212
684.275
684.62
684.667
684.817
684.819
684.821
684.954
685.05
685.129
685.178
685.194
685.195
685.844
685.861
685.951
685.952
685.952
686.233
686.871
686.947
687.308
687.312
687.319
687.389
688.267
688.354
688.733
691.486
691.528
691.603
691.834
691.835
691.835
692.326
692.344
692.345
692.362
692.376
692.464
692.593
692.61
692.63
692.63
692.63
692.794
692.957
693.127
693.168
693.757
693.911
693.911
693.972
694.128
694.78
695.042
695.437
695.48
695.648
695.695
695.819
695.819
695.824
696.119
696.15
696.246
696.247
696.409
696.549
696.568
696.603
696.878
697.046
697.132
697.174
697.364
697.365
697.411
697.697
697.698
697.702
697.913
697.913
697.962
698.477
698.689
698.871
699.139
699.171
699.372
699.591
699.594
699.817
700.266
700.277
700.575
700.667
700.903
701.048
701.09
701.158
701.194
701.242
701.278
701.326
701.543
701.692
701.869
701.928
701.947
701.999
701.999
702.196
702.198
702.42
702.463
702.751
702.845
703.138
703.329
703.329
703.33
703.648
703.651
703.744
703.754
704.038
704.163
704.278
704.28
704.301
704.379
704.674
704.678
704.727
705.165
705.222
705.241
705.552
705.59
705.831
705.832
705.932
705.997
706.105
706.14
706.4
706.614
706.621
706.625
706.636
706.779
707.045
707.215
707.331
707.655
707.658
707.659
707.752
707.753
707.836
707.863
707.865
707.914
707.918
707.983
708.296
708.805
708.929
709.09
709.163
709.317
709.377
709.484
709.773
709.934
709.936
710.511
710.514
710.706
710.706
710.71
710.855
710.916
710.941
710.968
710.97
710.97
711.055
711.081
711.285
711.621
711.884
711.906
712.245
712.392
712.411
712.583
712.713
712.74
712.843
712.91
712.913
712.913
712.914
712.918
713.162
713.338
713.535
713.575
713.657
713.788
713.861
713.953
714.137
714.213
714.509
714.726
714.927
715.054
715.068
715.086
715.12
715.185
715.24
715.533
715.702
715.72
715.735
715.831
715.867
716.003
716.003
716.203
716.205
716.329
716.331
716.371
716.371
716.412
716.58
716.628
716.703
716.705
716.757
716.797
716.845
717.212
717.339
717.34
717.647
717.802
717.949
718.197
718.198
718.433
718.434
718.501
718.735
718.862
719.303
719.635
719.935
720.166
720.228
720.241
720.372
720.525
720.525
720.528
720.715
720.756
720.758
720.767
720.827
720.878
720.979
721.131
721.941
721.942
722.068
722.159
722.348
722.746
722.865
723.035
723.066
723.173
723.215
723.276
723.336
723.337
723.382
723.419
723.556
723.556
723.632
723.652
723.77
723.77
724.079
724.122
724.245
724.27
724.271
724.271
724.276
724.343
724.395
724.471
724.472
724.74
724.87
724.871
725.101
725.303
725.542
725.543
725.675
725.698
725.7
726.071
726.944
726.951
727.031
727.51
727.512
727.513
727.517
727.616
727.618
727.881
728.059
728.206
728.207
728.276
728.297
728.313
728.347
728.576
728.629
728.723
728.729
728.987
729.139
729.18
729.182
729.224
729.224
729.225
729.227
729.235
729.508
729.552
729.568
729.569
729.57
729.574
729.654
729.66
729.949
730.014
730.014
730.041
730.097
730.11
730.116
730.215
730.245
730.279
730.282
730.385
730.418
730.424
730.464
730.499
730.637
730.638
730.857
730.888
730.889
730.896
730.949
731.029
731.234
731.24
731.267
731.391
731.392
731.564
731.859
732.572
732.576
732.861
732.861
732.931
733.1
733.199
733.449
733.454
733.459
733.538
733.538
733.596
733.659
733.669
733.831
733.992
734.231
734.495
734.802
734.827
735.233
735.31
735.31
735.352
735.748
735.842
735.93
736.232
736.338
736.401
736.411
736.426
736.808
736.829
736.932
736.932
736.934
736.935
736.983
737.084
737.085
737.088
737.275
737.277
737.363
737.367
737.386
737.573
737.606
737.722
738.845
739.025
739.097
739.099
739.152
739.184
739.239
739.272
739.319
739.355
739.658
739.849
739.85
740.121
740.194
740.287
740.716
740.785
740.793
740.795
740.795
740.817
740.945
740.984
741.193
741.3
741.31
741.75
741.999
742.113
742.122
742.821
742.822
742.825
742.838
742.839
742.842
743.33
743.59
744.144
744.239
744.286
744.603
744.614
744.676
744.756
744.794
744.834
745.59
746.271
746.274
746.43
746.431
746.434
746.584
746.713
746.714
746.779
746.78
746.852
746.888
746.985
746.995
747.008
747.009
747.161
747.673
747.675
748.937
748.938
748.94
749.258
749.288
749.748
749.806
750.445
750.805
750.871
751.231
751.231
751.262
751.547
751.616
751.759
751.887
751.986
752.431
752.729
752.882
753.031
753.039
753.415
754.121
754.326
754.691
754.692
754.698
754.765
754.766
754.825
754.996
755.136
755.447
755.787
755.789
755.915
756.037
756.039
756.044
756.047
756.047
756.103
756.105
756.154
756.155
756.233
756.927
756.929
756.935
757.413
757.627
757.635
757.635
758.274
758.402
758.567
758.704
758.854
758.91
758.911
759.207
759.29
759.291
759.336
759.408
759.683
759.728
759.816
759.821
759.821
759.873
759.874
760.677
760.736
760.816
760.816
761.256
761.259
761.512
761.512
761.513
761.805
761.931
762.263
762.318
762.326
762.345
762.557
762.558
762.772
762.772
762.775
762.832
763.153
763.188
763.191
763.229
763.23
763.421
763.432
763.988
763.988
763.991
763.993
763.994
764.165
764.252
764.398
764.925
764.965
765.058
765.258
765.3
765.563
765.646
765.754
766.383
766.454
766.574
767.47
767.635
767.662
767.949
767.973
768.759
769.162
769.568
769.618
769.793
769.795
769.799
769.894
769.898
770.09
770.379
770.379
770.798
770.809
771.045
771.201
771.26
771.264
771.792
772.706
772.711
773.195
773.234
773.386
773.586
773.586
773.657
773.71
773.964
774.342
774.347
774.462
774.467
774.496
774.497
774.88
774.978
775.51
775.59
775.6
775.728
775.937
776.44
776.978
777.104
777.122
777.123
777.286
777.318
777.58
777.638
777.792
777.802
777.803
777.924
777.925
778.112
778.116
778.211
778.557
778.639
779.026
779.026
779.935
779.941
779.952
780.144
780.177
780.21
780.249
780.251
780.252
780.433
780.507
780.51
780.645
780.666
780.729
780.731
780.732
780.732
780.734
780.746
780.747
780.964
781.087
781.099
781.12
781.156
781.517
781.517
781.716
781.821
781.855
781.869
781.908
782.52
782.521
782.643
782.664
782.794
783.094
783.113
783.168
783.17
783.4
783.474
783.538
784.35
784.351
784.465
784.495
784.543
784.63
784.714
784.919
785.232
785.233
785.234
785.295
785.399
785.4
785.401
785.986
786.135
786.178
786.18
786.202
786.202
786.346
786.346
786.353
786.655
786.687
786.831
786.9
786.957
786.957
787.26
787.42
787.426
787.429
787.429
787.472
787.584
787.585
787.768
787.83
787.975
788.036
788.296
788.332
788.372
788.404
788.404
788.566
788.738
789.009
789.166
789.383
789.405
789.407
789.409
789.596
789.632
789.706
789.854
789.99
790.071
790.377
790.378
790.635
790.636
790.637
790.638
791.092
791.457
791.921
791.931
792.03
792.346
792.436
792.48
792.609
792.612
792.709
792.922
793.04
793.042
793.376
793.59
793.591
793.68
793.818
793.835
793.956
793.99
794.002
794.034
794.155
794.212
794.461
794.541
794.911
795.066
795.515
795.584
795.585
795.62
795.62
795.802
796.263
796.279
796.497
796.679
797.438
797.438
797.44
797.47
797.505
797.624
798.035
798.036
798.036
798.093
798.094
798.096
798.423
798.708
798.789
799.565
799.583
799.794
799.831
799.859
799.866
799.9
799.946
800.006
800.403
800.403
800.806
800.944
800.945
801.115
801.116
801.333
801.794
801.81
801.828
801.951
801.952
801.955
802.226
802.307
802.309
802.444
802.639
802.641
802.647
802.765
803.174
803.384
803.463
803.464
804.298
804.299
804.533
804.534
804.578
805.009
805.103
805.103
805.138
805.352
805.42
805.613
806.433
807.167
807.296
807.368
807.486
807.492
808.112
808.149
808.413
808.498
808.579
808.579
808.619
808.62
808.725
809.015
809.07
809.08
809.326
809.327
809.331
809.341
809.656
809.759
809.876
809.877
809.881
810.009
810.011
810.049
810.051
810.278
810.745
811.061
811.077
811.088
811.199
811.249
811.258
811.258
811.372
811.651
811.735
811.792
811.852
811.853
811.99
812.017
812.037
812.494
812.555
812.572
812.729
812.759
813.591
813.969
814.046
814.26
814.446
814.522
814.584
814.697
814.729
815.191
815.37
815.512
815.567
815.569
815.63
815.763
815.803
815.804
815.809
815.813
816.068
816.339
816.341
816.415
816.668
817.318
817.319
817.319
817.32
817.339
817.402
817.508
817.688
818.441
818.568
818.636
818.831
819.047
819.772
819.855
819.857
820.002
820.003
820.005
821.663
821.694
821.814
821.837
821.838
821.852
821.852
822.027
822.21
822.238
822.244
822.351
822.489
822.492
822.568
822.568
822.669
822.984
823.011
823.082
823.098
823.202
823.203
823.299
823.608
823.616
823.619
823.65
823.661
823.664
823.689
823.697
823.802
823.802
823.87
823.871
823.877
824.019
824.184
824.191
824.191
824.267
824.465
824.466
824.722
824.783
825.198
825.379
825.682
825.701
825.835
825.845
825.947
825.959
825.999
826.017
826.035
826.394
826.398
827.034
827.069
827.07
827.293
827.363
827.365
827.365
828.67
828.847
828.967
829.071
829.547
830.398
830.407
830.409
830.886
830.901
831.323
831.336
831.34
831.476
831.558
831.643
831.765
831.767
831.848
831.911
831.939
831.992
832.222
832.445
832.445
832.515
832.809
833.156
833.163
833.163
834.085
834.394
834.431
834.561
834.693
834.693
834.991
835.162
835.314
835.399
835.821
835.867
836.038
836.093
836.564
836.566
837.228
837.23
837.324
837.392
837.84
837.948
837.951
837.967
838.087
838.233
838.583
838.806
838.905
839.008
839.461
839.636
839.733
839.985
840.02
840.175
840.267
840.303
840.373
840.426
840.428
840.478
840.539
840.548
840.61
840.643
840.672
840.68
840.774
841.672
841.684
841.701
841.839
842.131
842.227
842.471
842.473
842.488
842.681
842.681
842.721
842.823
842.827
842.871
842.957
842.991
843.335
843.43
843.573
843.573
843.791
843.861
843.864
844.088
844.089
844.303
844.306
844.322
844.447
844.448
844.473
844.569
844.644
844.645
844.789
844.79
844.932
845.154
845.916
845.916
846.01
846.283
846.697
846.7
846.7
846.82
846.947
847.288
847.56
847.561
847.745
847.786
847.92
847.951
848.284
848.427
848.429
848.921
849.008
849.107
849.115
849.172
849.221
849.224
849.379
849.387
849.388
849.389
849.462
849.464
849.592
849.607
849.608
849.609
849.61
849.98
849.985
850.15
850.202
850.227
850.229
850.23
850.415
850.434
850.552
850.554
850.565
850.566
850.764
850.93
851.55
852.241
852.341
852.53
852.714
853.197
853.198
853.249
853.249
853.428
853.45
853.452
853.638
853.639
853.921
853.929
853.943
853.952
854.186
854.368
854.387
854.449
854.45
855.002
855.053
855.101
855.216
855.301
855.634
855.73
855.731
855.789
856.186
856.279
856.281
856.704
856.705
856.76
856.76
857.085
857.088
857.088
857.301
857.58
857.582
857.68
857.681
857.684
857.7
857.899
858.055
858.107
858.108
858.573
858.597
858.597
858.598
858.829
858.899
859.035
859.041
859.303
859.305
859.726
859.96
860.2
860.269
860.299
860.342
860.535
860.593
860.789
860.79
860.98
861.084
861.262
861.372
861.408
861.511
861.568
861.569
861.611
861.719
861.727
861.8
862.958
862.959
863.033
863.172
863.173
863.292
863.428
863.771
863.787
863.787
863.8
864.026
864.029
864.029
864.103
864.246
864.262
864.51
865.163
865.528
865.572
865.656
865.656
865.719
866.187
866.39
866.484
866.486
866.486
866.568
866.628
866.66
866.706
866.726
866.739
866.74
866.848
867.054
867.101
867.328
867.425
867.622
867.632
867.838
868.355
868.58
868.734
869.054
869.155
869.246
869.246
869.291
869.293
869.294
869.556
869.558
869.598
869.645
869.646
869.703
869.711
869.749
869.898
869.9
870.129
870.314
870.315
870.319
870.83
870.841
870.842
870.892
870.939
870.975
871.055
871.057
871.231
871.592
872.151
872.206
872.445
872.446
872.602
872.687
873.007
873.2
873.345
873.503
873.504
873.563
873.566
873.672
873.675
873.926
874.02
874.1
874.307
874.554
874.974
874.975
875.004
875.061
875.248
875.248
875.452
875.578
875.579
875.615
875.617
875.682
875.699
875.7
875.824
875.827
875.848
875.92
875.924
875.928
875.961
876.024
876.072
876.125
876.209
876.21
876.27
876.382
876.744
876.793
876.793
876.865
876.865
876.868
876.93
877.16
877.163
877.27
877.271
877.323
877.344
877.615
877.626
877.681
877.918
878.01
878.133
878.195
878.196
878.367
878.533
878.695
879.077
879.218
879.395
879.465
879.581
879.598
879.733
879.733
879.985
880.209
880.426
880.677
880.721
880.913
881.469
881.596
881.635
882.023
882.694
882.696
882.856
883.018
883.039
883.04
883.041
883.079
883.18
883.463
883.841
883.842
883.848
883.87
883.897
884.284
884.355
884.723
884.723
884.723
884.747
884.751
884.759
884.764
884.764
884.833
885.531
885.619
885.62
885.744
885.744
885.792
886.024
886.04
886.183
886.185
886.639
886.704
886.74
887.041
887.226
887.318
887.32
887.492
887.512
888.191
888.373
888.416
888.542
889.08
889.231
889.498
889.516
890.037
890.165
890.238
890.522
890.523
890.58
890.71
891.089
891.601
891.675
891.87
891.871
892.413
892.416
892.69
892.783
892.984
893.099
893.488
893.573
893.788
893.788
893.899
893.909
894.166
894.606
894.726
894.982
895.005
895.083
895.475
895.486
895.488
895.546
895.614
895.727
895.742
895.744
895.744
895.876
895.959
895.96
895.96
895.963
895.965
896.114
896.228
897.142
897.277
897.28
897.521
897.522
897.603
897.604
897.705
897.976
898.213
898.973
899.111
899.134
899.414
899.804
899.807
899.984
899.986
900.07
900.349
900.409
900.409
900.419
900.566
901.174
901.215
901.296
901.296
901.6
901.823
901.847
901.855
902.014
902.049
902.159
902.203
902.426
902.483
902.483
902.562
902.651
902.653
903.042
903.327
903.428
903.445
903.901
903.93
904.013
904.037
904.047
904.159
904.342
904.687
904.711
904.858
904.986
904.988
905.016
905.241
905.303
905.305
905.306
905.401
905.404
905.409
905.411
905.668
905.769
905.769
906.081
906.119
906.505
906.975
907.078
907.716
907.719
907.999
908.744
908.746
908.746
908.77
909.028
909.038
909.47
909.473
909.725
909.791
909.822
910.56
910.56
910.716
911.123
911.239
911.467
911.552
911.668
911.847
911.853
911.889
911.916
911.916
911.946
911.947
912.39
912.575
912.69
913.027
913.061
913.392
913.393
913.637
913.993
914.24
914.274
914.827
914.992
915.186
915.194
915.561
915.711
915.822
916.164
916.65
916.65
916.653
916.689
917.199
917.203
917.267
917.488
917.972
918.08
918.097
918.122
918.815
918.84
919.304
919.304
919.402
919.457
919.575
919.578
919.671
919.817
920.221
920.345
920.928
920.929
920.954
921.149
921.696
921.954
922.096
922.276
922.337
922.34
922.35
922.755
922.872
923.038
923.156
923.181
923.2
923.469
923.47
923.472
923.904
923.936
924.265
924.265
924.335
924.422
924.633
924.634
924.731
924.854
924.856
925.001
925.27
925.323
925.399
925.567
925.965
926.024
926.154
926.175
926.225
926.242
926.363
926.69
926.755
926.77
927.218
927.219
927.249
927.258
927.528
927.727
927.999
928.054
928.45
928.459
928.461
928.464
929.062
929.064
929.067
929.098
929.448
929.449
929.682
929.682
929.72
929.722
929.737
929.995
930.334
930.375
930.495
930.755
930.902
931.592
931.592
931.61
931.787
931.909
932.034
932.069
932.226
932.228
932.436
932.621
932.693
933.464
933.471
933.68
933.696
933.7
933.702
933.814
933.815
933.816
933.885
933.886
933.918
933.918
933.926
933.992
934.053
934.054
934.257
934.699
934.743
934.932
935.497
935.498
935.801
935.931
936.977
937.377
937.442
937.977
938.519
938.85
938.99
938.993
939.108
939.109
939.442
939.443
939.772
939.774
940.217
940.305
940.326
940.394
940.43
940.475
940.701
940.701
941.169
941.585
941.588
941.778
941.867
941.877
941.942
942.131
942.135
942.225
942.277
942.279
942.485
942.486
942.488
942.489
942.584
942.592
942.937
942.939
942.949
943.035
943.035
943.035
943.132
943.277
943.285
943.415
943.419
943.419
943.42
943.637
943.934
943.995
943.998
944.001
944.264
944.268
944.458
944.983
944.994
945.043
945.057
945.403
945.536
946.241
946.44
946.63
946.658
946.668
946.671
946.672
946.693
946.805
946.821
946.822
946.972
946.973
947.146
947.211
947.42
947.465
947.517
947.523
947.84
947.841
947.844
947.878
947.879
947.895
947.905
947.921
947.921
947.995
948.597
949.297
949.72
950.4
950.651
950.734
950.773
950.808
950.808
951.043
951.083
951.299
951.3
951.851
952.054
952.165
952.811
953.207
953.212
953.213
953.241
953.796
953.863
953.878
953.906
953.936
953.991
954.103
954.502
954.635
954.674
954.778
954.839
954.86
954.983
955.105
955.106
955.382
955.528
955.612
955.65
955.675
955.74
955.861
956.082
956.163
956.164
956.401
956.402
956.402
956.685
956.686
956.931
957.126
957.126
957.242
957.242
957.587
957.816
957.867
957.867
957.867
958.028
958.029
958.736
958.778
958.831
958.832
958.867
958.897
958.919
958.92
958.932
959.02
959.458
959.58
959.644
960.019
960.14
960.202
960.204
960.207
960.457
960.884
960.896
960.923
960.924
960.938
961.037
961.866
961.921
962.145
962.145
962.301
962.355
962.448
962.586
962.588
962.588
962.589
962.666
962.666
962.719
962.722
962.795
962.832
962.948
962.977
962.977
962.978
963.195
963.246
963.316
963.359
963.461
963.831
963.871
964
964.001
964.162
964.443
964.57
964.62
964.622
965.376
965.377
965.466
965.485
965.592
965.77
965.89
965.893
966.245
966.248
966.249
966.331
966.394
966.396
966.437
966.499
966.983
966.985
967
967.004
967.06
967.062
967.251
967.332
967.334
967.334
967.338
967.339
967.348
967.596
967.596
967.599
967.677
967.782
967.966
967.966
968.179
968.238
968.242
968.244
968.403
968.404
968.534
968.574
968.641
969.093
969.093
969.346
969.536
969.538
969.972
969.974
970.167
970.196
970.212
970.769
970.94
971.101
971.106
971.168
971.189
971.442
971.598
971.639
971.639
971.64
971.646
971.978
971.978
972.088
972.09
972.15
972.228
972.434
972.469
972.47
972.471
972.472
972.53
972.736
972.859
973.335
973.649
973.911
973.992
974.006
974.332
974.483
974.565
974.585
974.708
975.306
975.307
975.31
975.442
975.442
975.906
975.907
976.49
976.503
976.695
976.696
976.696
976.942
976.943
976.944
977.015
977.308
977.41
977.49
977.49
977.5
977.78
978.151
978.259
978.306
978.314
978.48
978.539
978.627
978.627
978.766
978.947
978.951
979.063
979.698
979.741
980.134
980.134
980.194
980.277
980.306
980.459
980.624
980.675
980.745
980.799
980.81
980.811
980.857
980.861
981.093
981.094
981.19
981.475
982.107
982.42
983.072
983.384
983.422
983.457
983.465
983.911
983.926
984.05
984.238
984.256
985.498
985.577
985.685
985.809
986.089
986.182
986.39
986.438
986.439
986.443
986.445
986.658
986.893
986.895
987.473
987.482
987.584
987.628
987.762
987.853
987.873
987.937
987.991
988.06
988.327
988.33
988.361
988.474
988.484
988.951
988.953
988.953
988.968
989.36
989.618
989.632
989.686
989.696
990.005
990.198
990.769
990.963
991.002
991.093
991.094
991.095
991.476
991.765
991.809
991.863
992.14
992.201
992.543
992.543
992.58
993.324
993.546
993.546
993.546
994.048
994.763
994.763
994.765
994.897
994.958
994.96
994.969
995.583
995.671
995.673
996.131
996.441
996.561
996.561
996.627
996.632
996.661
996.765
997.361
997.596
997.598
997.905
997.905
998.14
998.144
998.144
998.447
998.591
998.599
998.862
998.863
999.105
999.253
999.311
999.725
999.825
1000.1
1000.1
1000.1
1000.65
1000.65
1000.69
1000.83
1001.17
1001.19
1001.24
1001.24
1001.27
1001.56
1001.58
1001.58
1001.62
1001.7
1001.73
1001.84
1002.15
1002.16
1002.21
1002.28
1002.28
1002.28
1002.29
1002.54
1002.74
1002.78
1002.92
1003.15
1003.17
1003.44
1003.44
1003.47
1003.83
1003.94
1004.19
1004.2
1004.38
1004.47
1004.5
1004.56
1005.03
1005.55
1005.55
1005.55
1005.6
1005.72
1005.73
1005.73
1005.75
1005.75
1005.82
1005.82
1005.84
1006.02
1006.02
1006.02
1006.06
1006.15
1006.6
1006.66
1006.79
1006.95
1007.06
1007.41
1007.44
1008
1008.35
1008.35
1008.87
1008.95
1009.06
1009.06
1009.14
1009.31
1009.31
1009.56
1009.6
1009.82
1009.82
1009.82
1009.82
1009.88
1010.27
1010.33
1010.34
1010.34
1010.63
1010.64
1010.66
1010.7
1010.73
1010.73
1010.98
1011.09
1011.09
1011.66
1011.68
1011.76
1011.83
1012.23
1012.23
1012.24
1012.24
1012.51
1012.69
1012.74
1012.89
1013.09
1013.11
1013.11
1013.11
1013.15
1013.22
1013.22
1013.34
1013.34
1013.34
1013.36
1013.47
1013.52
1013.6
1013.61
1013.69
1013.69
1013.74
1013.74
1013.74
1014.19
1014.19
1014.23
1014.24
1014.33
1014.73
1014.83
1015.13
1015.97
1015.97
1015.97
1016.6
1017.24
1017.33
1017.33
1018.64
1018.85
1018.85
1018.85
1018.9
1018.9
1018.95
1018.95
1019.03
1019.07
1019.14
1019.21
1019.21
1019.42
1019.44
1019.44
1019.47
1019.47
1020.02
1020.56
1020.87
1020.92
1020.92
1020.99
1021.07
1021.07
1021.24
1021.26
1021.47
1021.59
1021.61
1021.67
1021.94
1022.09
1022.14
1022.68
1022.72
1022.85
1022.92
1022.93
1022.93
1023.1
1023.1
1023.21
1023.38
1023.49
1023.49
1023.52
1023.54
1023.89
1024.03
1024.58
1024.58
1024.58
1024.58
1024.63
1024.79
1024.87
1025.2
1025.2
1025.35
1025.35
1025.78
1025.78
1026.07
1026.27
1026.29
1026.29
1026.35
1026.35
1026.48
1026.76
1026.77
1026.77
1026.92
1027.21
1027.21
1027.29
1027.32
1027.37
1027.45
1028.45
1028.48
1028.65
1028.79
1029.14
1029.14
1029.42
1029.43
1029.43
1029.78
1030.02
1030.1
1030.54
1030.74
1030.97
1031.01
1031.56
1031.66
1032.08
1032.28
1032.28
1032.3
1033.27
1033.47
1034.81
1035.07
1035.16
1035.19
1035.23
1035.37
1035.38
1035.38
1035.38
1035.38
1035.67
1035.67
1035.67
1035.69
1035.8
1035.86
1035.89
1035.94
1036.24
1036.31
1036.56
1036.95
1037.04
1037.05
1037.14
1037.15
1037.29
1037.31
1037.55
1037.66
1037.67
1037.67
1037.86
1037.86
1039.45
1039.46
1039.53
1039.54
1039.58
1039.65
1039.66
1039.8
1039.86
1039.92
1040.03
1040.1
1040.2
1040.2
1040.37
1040.38
1040.4
1040.43
1040.59
1040.98
1041.02
1042.12
1042.46
1042.46
1042.46
1042.53
1042.74
1042.74
1042.77
1042.77
1042.77
1043.08
1043.09
1043.09
1043.18
1043.29
1043.48
1043.51
1043.64
1043.64
1043.87
1044.44
1044.48
1044.5
1044.51
1044.66
1044.77
1044.84
1045.15
1045.23
1045.5
1045.51
1045.54
1045.56
1045.76
1045.82
1046
1046.16
1046.16
1046.48
1046.51
1046.52
1046.79
1047.04
1047.23
1047.23
1047.56
1047.57
1047.64
1047.64
1047.66
1047.67
1047.8
1048
1048.05
1048.08
1048.35
1048.38
1048.38
1048.43
1048.54
1048.91
1048.92
1048.94
1048.94
1049.11
1049.57
1049.99
1050.19
1050.2
1050.67
1050.71
1050.89
1051.71
1051.88
1051.89
1051.99
1052
1052.05
1052.09
1052.6
1052.61
1052.71
1052.85
1052.85
1052.88
1053.07
1053.13
1053.17
1053.25
1053.31
1053.63
1053.79
1053.8
1053.8
1053.84
1054.03
1054.06
1054.06
1054.21
1054.45
1054.83
1055.22
1055.49
1055.5
1055.66
1055.75
1055.83
1055.98
1056.07
1056.58
1057.04
1057.12
1057.18
1057.18
1057.23
1057.31
1057.33
1057.53
1057.71
1058.1
1058.41
1060.16
1060.7
1060.95
1061.01
1061.04
1061.04
1061.04
1061.28
1061.28
1061.28
1061.49
1061.55
1061.64
1061.67
1061.73
1061.78
1061.81
1061.84
1061.98
1061.99
1062.01
1062.34
1062.41
1062.51
1062.52
1062.66
1062.73
1063.03
1063.2
1063.66
1064.14
1064.23
1064.33
1064.34
1064.38
1064.38
1064.38
1064.62
1064.68
1064.72
1064.73
1064.8
1064.83
1065.02
1065.53
1065.74
1065.75
1065.93
1065.93
1065.98
1066.05
1066.09
1066.26
1066.26
1066.29
1066.3
1066.38
1066.58
1066.76
1066.8
1066.8
1066.8
1066.8
1066.85
1066.85
1066.92
1066.97
1066.97
1066.97
1067.18
1067.18
1067.25
1067.38
1067.52
1067.57
1067.61
1067.66
1067.69
1067.8
1068.32
1068.63
1068.67
1068.67
1068.77
1068.78
1069.08
1069.09
1069.28
1069.3
1069.37
1070.08
1070.1
1070.14
1070.21
1070.21
1070.21
1070.31
1070.33
1070.34
1070.34
1070.72
1070.78
1071.31
1071.47
1071.58
1071.66
1071.79
1071.98
1072.26
1072.31
1072.4
1072.42
1072.43
1072.48
1072.49
1073.07
1073.3
1073.5
1073.75
1073.97
1074.08
1074.25
1074.25
1074.26
1074.35
1074.48
1074.61
1074.73
1075.37
1075.45
1075.67
1075.69
1075.69
1076.02
1076.18
1076.28
1076.44
1076.77
1076.78
1076.91
1076.91
1076.95
1077.02
1077.2
1077.24
1077.24
1077.33
1077.33
1077.81
1077.95
1078.43
1078.48
1078.62
1078.86
1078.86
1078.91
1078.94
1079.13
1079.35
1079.36
1079.46
1079.64
1079.89
1080.01
1080.05
1080.05
1080.6
1080.6
1080.92
1081.11
1081.18
1081.2
1081.45
1081.58
1081.58
1081.58
1081.63
1081.66
1081.67
1082.39
1082.4
1082.4
1082.45
1082.45
1082.59
1082.61
1082.7
1082.75
1082.76
1082.85
1082.92
1082.94
1082.94
1083.15
1083.22
1083.62
1083.62
1083.63
1083.76
1083.79
1083.92
1084.32
1084.39
1084.58
1084.58
1084.61
1084.62
1084.75
1084.83
1085.75
1085.76
1085.87
1085.99
1086
1086.06
1086.11
1086.18
1086.6
1086.99
1087.05
1087.1
1087.15
1087.35
1087.58
1087.6
1087.74
1087.8
1088.07
1088.1
1088.75
1088.78
1088.8
1089.28
1089.3
1089.3
1089.84
1090.21
1090.23
1090.24
1090.59
1090.6
1090.64
1091.41
1091.61
1092.16
1092.17
1092.84
1092.84
1092.9
1092.92
1092.92
1093.46
1093.69
1093.74
1093.92
1094.09
1094.61
1094.72
1094.76
1094.76
1094.76
1094.76
1095.67
1095.7
1095.73
1095.74
1095.98
1095.98
1096.1
1096.42
1096.7
1097.06
1097.06
1097.1
1097.11
1097.49
1097.83
1097.83
1097.87
1098.49
1098.76
1099.45
1099.48
1099.48
1099.8
1100.25
1100.29
1100.29
1100.32
1100.32
1100.36
1100.42
1100.42
1100.46
1100.46
1100.57
1100.91
1101.23
1101.28
1101.4
1101.52
1101.75
1101.88
1101.88
1102.08
1102.1
1102.12
1102.3
1102.37
1102.51
1102.52
1102.79
1103.13
1103.17
1103.5
1103.59
1103.59
1103.64
1103.81
1103.89
1103.91
1104.15
1104.15
1104.15
1104.3
1104.3
1104.46
1104.49
1104.66
1105.32
1105.33
1105.49
1105.54
1105.64
1105.7
1105.76
1105.93
1106.19
1106.53
1106.75
1106.8
1107.3
1107.46
1107.52
1107.64
1107.64
1107.64
1107.86
1107.9
1108.11
1108.22
1108.48
1108.53
1108.65
1108.89
1109
1109
1109.05
1109.17
1109.17
1109.59
1109.6
1109.85
1109.88
1109.89
1110.19
1112.04
1112.04
1112.12
1112.13
1112.23
1112.27
1112.53
1112.57
1112.65
1112.67
1112.68
1113.09
1113.12
1113.17
1113.51
1113.51
1113.56
1113.7
1113.7
1113.9
1114.16
1114.17
1114.19
1114.56
1114.61
1114.94
1115.01
1115.15
1115.2
1115.27
1115.27
1115.39
1115.47
1115.48
1115.54
1115.54
1115.65
1115.65
1115.74
1115.82
1116.27
1116.49
1117.12
1117.29
1117.43
1117.44
1117.46
1117.47
1117.95
1117.95
1117.98
1118.02
1118.02
1118.02
1118.08
1118.1
1118.36
1118.94
1118.94
1119.19
1119.2
1119.35
1119.36
1119.36
1119.49
1119.95
1120.11
1120.27
1120.27
1120.42
1120.59
1120.71
1120.85
1121.3
1121.36
1121.52
1121.85
1121.97
1122.06
1122.39
1122.43
1122.44
1122.44
1122.48
1122.48
1122.48
1122.6
1122.65
1122.65
1122.73
1122.79
1122.96
1123
1123.09
1123.12
1123.14
1123.45
1123.45
1123.5
1123.73
1123.96
1124.11
1124.16
1124.17
1124.41
1124.51
1124.58
1124.58
1124.83
1124.83
1124.87
1124.87
1125.18
1125.24
1125.32
1125.38
1125.48
1125.48
1125.48
1125.58
1125.85
1125.86
1126.78
1126.78
1127.06
1127.08
1127.08
1127.34
1127.4
1127.41
1127.42
1127.47
1127.63
1127.75
1127.89
1127.9
1127.9
1128.07
1128.14
1128.46
1128.46
1128.47
1128.5
1128.59
1128.59
1128.61
1128.62
1128.62
1128.92
1128.97
1129.01
1129.15
1129.15
1129.15
1129.17
1129.2
1129.26
1129.26
1129.26
1129.38
1129.49
1129.49
1129.5
1129.62
1129.77
1130.12
1130.17
1130.18
1130.18
1130.22
1130.59
1130.76
1130.91
1130.92
1130.93
1130.93
1130.93
1130.93
1130.95
1130.99
1131.02
1131.2
1131.3
1131.31
1131.42
1131.51
1131.55
1131.82
1132.15
1132.69
1132.83
1133.19
1133.62
1133.63
1133.7
1133.87
1133.95
1133.98
1134.01
1134.24
1134.32
1134.32
1134.47
1134.47
1134.48
1134.55
1135.04
1135.04
1135.21
1135.31
1135.33
1135.33
1135.43
1135.71
1135.95
1136
1136
1136
1136.09
1136.21
1136.21
1136.21
1136.26
1136.27
1136.28
1136.4
1136.48
1136.64
1136.64
1136.72
1136.73
1137.03
1137.34
1137.49
1138.15
1138.15
1138.23
1138.23
1138.41
1138.42
1138.47
1138.47
1138.76
1138.88
1139.03
1139.17
1139.25
1139.43
1139.51
1139.51
1139.53
1139.55
1139.58
1139.58
1139.58
1139.59
1139.62
1139.62
1139.68
1139.73
1139.74
1139.74
1139.75
1139.75
1140.03
1140.45
1140.6
1140.63
1140.65
1140.66
1140.72
1140.78
1140.88
1142.19
1142.19
1142.42
1142.55
1142.57
1142.89
1142.89
1142.97
1143.22
1143.3
1143.3
1143.96
1144.04
1144.22
1144.27
1144.6
1144.6
1144.74
1144.78
1144.88
1144.88
1145.05
1145.18
1145.41
1145.42
1145.48
1145.53
1145.63
1145.78
1146.01
1146.02
1146.25
1146.25
1146.57
1147.5
1147.88
1147.91
1147.97
1148.19
1148.25
1148.5
1148.67
1148.75
1148.77
1148.85
1149.39
1149.71
1149.96
1150.06
1150.79
1150.79
1150.79
1151.09
1151.13
1151.18
1151.18
1151.18
1151.45
1151.45
1151.52
1151.62
1152.17
1152.24
1152.31
1152.33
1152.38
1152.42
1152.76
1152.76
1152.83
1152.89
1152.9
1152.91
1152.94
1153.28
1153.61
1153.68
1153.7
1153.7
1153.74
1153.75
1153.81
1154
1154.04
1154.55
1154.55
1154.96
1154.96
1154.97
1155
1155.02
1155.32
1155.42
1155.5
1155.52
1155.94
1156.13
1156.13
1156.13
1156.58
1156.9
1156.91
1157.46
1157.53
1157.86
1158.11
1158.91
1159.01
1159.05
1159.15
1159.15
1159.38
1159.39
1159.74
1159.95
1159.95
1159.95
1159.95
1160.04
1160.07
1160.07
1160.07
1160.07
1160.07
1160.12
1160.52
1160.52
1160.71
1160.71
1160.71
1160.74
1160.84
1161.93
1161.99
1162.09
1162.25
1162.36
1162.37
1162.44
1162.44
1162.58
1162.61
1162.61
1162.61
1162.61
1162.62
1162.78
1162.89
1162.89
1162.89
1162.96
1162.96
1163.41
1163.5
1163.54
1163.68
1163.8
1163.93
1164
1164.05
1164.05
1164.13
1164.15
1164.33
1164.39
1164.39
1164.51
1164.51
1164.55
1164.64
1164.64
1164.66
1164.7
1165.06
1165.09
1165.1
1165.23
1165.32
1165.39
1165.57
1166.06
1166.16
1166.32
1166.44
1166.88
1166.88
1166.95
1166.97
1167
1167
1167
1167.36
1167.37
1167.37
1167.4
1167.68
1167.97
1168.21
1168.47
1168.47
1168.74
1168.75
1168.75
1168.91
1169.06
1169.14
1169.14
1169.22
1169.33
1169.36
1169.36
1169.71
1169.96
1170.17
1170.17
1170.24
1170.29
1170.48
1170.76
1170.76
1170.77
1170.78
1170.85
1171.21
1171.56
1171.73
1172.03
1172.35
1172.4
1172.52
1172.52
1172.7
1172.76
1172.84
1173.01
1173.04
1173.17
1173.22
1173.73
1173.78
1174.27
1174.28
1174.39
1174.5
1174.54
1174.77
1174.77
1174.89
1174.9
1174.9
1174.9
1175.07
1175.07
1175.15
1175.35
1175.36
1175.61
1175.64
1175.64
1175.8
1175.81
1175.81
1175.91
1176.05
1176.21
1177.14
1177.16
1177.16
1177.59
1177.79
1177.81
1177.9
1177.9
1178.03
1178.25
1178.31
1178.33
1179.02
1179.18
1179.29
1179.29
1179.29
1179.3
1179.46
1179.46
1179.5
1179.51
1179.69
1179.71
1180.58
1180.64
1180.87
1181.03
1181.03
1181.03
1181.03
1181.03
1181.11
1181.12
1181.12
1181.22
1181.23
1181.23
1181.35
1181.42
1181.49
1181.5
1181.62
1181.67
1181.67
1181.78
1181.93
1182.13
1182.13
1182.69
1182.7
1182.74
1182.74
1182.93
1183.06
1183.06
1183.06
1183.16
1183.29
1183.43
1183.75
1184.31
1184.38
1184.85
1184.9
1185.01
1185.06
1185.52
1185.53
1185.69
1185.93
1186.14
1186.14
1186.77
1186.88
1186.89
1186.89
1186.91
1187.09
1188.07
1188.08
1188.55
1188.81
1188.94
1188.95
1189.11
1189.4
1189.4
1189.44
1189.47
1189.65
1189.67
1189.82
1190.21
1190.33
1190.44
1190.77
1190.78
1190.78
1190.78
1190.79
1191.04
1191.1
1191.25
1191.26
1191.28
1191.37
1191.37
1191.75
1191.76
1191.76
1191.98
1192.01
1192.03
1192.13
1193.05
1193.49
1193.63
1193.87
1194.47
1194.54
1194.54
1194.59
1194.67
1194.74
1194.76
1194.84
1195.03
1195.15
1195.16
1195.3
1195.47
1195.55
1195.68
1195.82
1195.83
1195.84
1196.12
1196.15
1196.2
1196.3
1196.37
1196.49
1196.61
1196.86
1197.05
1197.1
1197.18
1197.21
1197.24
1197.55
1197.64
1197.69
1197.72
1197.81
1197.97
1198.04
1198.24
1198.34
1198.38
1198.7
1198.76
1199.1
1199.54
1199.75
1199.91
1200.19
1200.58
1200.9
1200.98
1201.11
1201.32
1201.48
1201.53
1201.59
1201.59
1202.17
1202.17
1202.17
1202.26
1202.49
1202.61
1203.66
1203.72
1203.75
1203.91
1204.01
1204.02
1204.02
1204.02
1204.15
1204.39
1204.76
1204.76
1204.89
1204.99
1205
1205
1205.08
1205.1
1205.1
1205.34
1205.44
1205.51
1205.54
1205.65
1205.65
1205.72
1205.8
1205.85
1205.85
1205.86
1206.03
1206.15
1206.25
1206.31
1206.32
1206.44
1206.56
1206.59
1206.65
1206.65
1206.67
1206.67
1206.86
1207.08
1207.13
1207.45
1207.5
1207.8
1207.9
1208.05
1208.29
1208.38
1208.62
1208.69
1208.71
1208.72
1208.84
1209
1209.45
1209.87
1209.87
1209.9
1209.96
1210.3
1210.65
1210.74
1210.79
1210.97
1210.97
1211.92
1211.92
1212.22
1212.22
1212.22
1212.42
1212.62
1212.71
1213.28
1213.29
1213.36
1213.37
1213.39
1214
1214.18
1214.78
1214.9
1215.12
1215.13
1215.22
1215.22
1215.22
1215.23
1215.37
1215.37
1215.37
1215.54
1215.74
1215.74
1216.45
1216.6
1216.6
1216.8
1216.88
1217.12
1217.27
1217.28
1217.28
1217.44
1217.44
1217.56
1217.56
1217.56
1217.65
1217.72
1217.79
1218.22
1218.68
1218.68
1218.7
1218.7
1218.71
1219.02
1219.32
1219.67
1219.68
1219.76
1219.76
1219.83
1219.83
1219.83
1219.83
1219.93
1219.96
1220.58
1220.58
1220.83
1220.96
1221.09
1221.09
1221.09
1221.52
1221.56
1221.85
1221.85
1222.31
1222.55
1222.9
1223.02
1223.24
1223.24
1223.24
1223.37
1223.47
1223.48
1223.53
1223.6
1223.61
1223.61
1223.71
1223.71
1223.79
1223.87
1223.89
1224.37
1224.57
1224.76
1224.82
1224.91
1225.17
1225.17
1225.23
1225.23
1225.29
1225.79
1225.79
1225.87
1226.01
1226.09
1226.09
1226.09
1226.16
1226.18
1226.45
1226.5
1226.51
1227.21
1227.28
1227.29
1227.53
1227.54
1227.54
1227.61
1228.16
1228.18
1228.18
1228.41
1228.64
1228.77
1228.78
1229.14
1229.14
1229.14
1229.4
1229.46
1229.46
1229.47
1229.48
1229.51
1229.68
1229.96
1229.97
1230.06
1230.08
1230.1
1230.14
1230.28
1230.35
1230.39
1230.51
1230.55
1230.64
1230.67
1230.67
1230.72
1230.81
1230.99
1231.22
1231.27
1231.27
1231.34
1231.42
1231.42
1231.69
1231.71
1232.16
1232.37
1232.71
1232.74
1232.91
1233.05
1233.14
1233.25
1233.29
1233.56
1233.57
1233.68
1233.69
1234.33
1234.49
1235.62
1235.63
1235.79
1235.79
1235.97
1236
1236.68
1236.71
1236.72
1236.78
1236.8
1236.99
1237.07
1237.1
1237.3
1237.36
1237.44
1238.4
1238.51
1238.52
1238.52
1238.67
1239.3
1239.31
1239.41
1239.57
1239.98
1239.98
1240.48
1240.67
1240.89
1240.89
1240.89
1241.01
1241.21
1242.16
1242.22
1242.38
1242.41
1242.64
1243.05
1243.36
1243.54
1243.62
1243.72
1243.81
1243.94
1244.02
1244.06
1244.06
1244.26
1244.26
1244.71
1244.77
1244.84
1244.86
1244.88
1244.92
1245.1
1245.2
1245.36
1245.39
1245.5
1246.29
1246.41
1246.65
1248.1
1248.16
1248.28
1248.28
1248.56
1248.62
1248.83
1248.86
1249.46
1249.51
1249.55
1249.56
1249.6
1249.62
1249.66
1249.7
1249.78
1249.81
1250.09
1250.13
1250.22
1250.24
1250.38
1250.38
1250.43
1250.48
1250.52
1250.7
1250.72
1250.74
1250.76
1250.89
1251.03
1251.03
1251.55
1251.66
1251.69
1251.69
1251.69
1251.7
1251.77
1252.31
1252.31
1252.32
1252.69
1252.94
1253.11
1253.18
1253.35
1253.42
1253.42
1253.58
1253.9
1254.33
1254.53
1254.66
1254.66
1254.87
1254.93
1254.96
1255.11
1255.17
1255.17
1255.27
1255.28
1255.5
1256.07
1256.07
1256.15
1256.24
1256.24
1256.25
1256.29
1256.59
1256.74
1256.99
1257.02
1257.06
1257.19
1257.31
1257.36
1257.48
1257.54
1257.57
1257.61
1258.04
1258.3
1258.46
1258.46
1258.55
1258.59
1258.91
1258.92
1259.6
1259.69
1259.73
1259.86
1260.43
1260.43
1260.55
1260.62
1260.63
1260.63
1260.64
1260.64
1260.96
1261.02
1261.1
1261.35
1261.48
1261.75
1261.83
1261.91
1262.35
1262.54
1262.66
1262.67
1262.68
1262.8
1262.88
1262.89
1263.08
1263.15
1263.24
1263.29
1263.29
1263.45
1263.45
1263.66
1263.73
1263.73
1263.81
1264.27
1264.27
1264.27
1264.28
1264.28
1264.28
1264.28
1264.32
1264.92
1265.2
1265.53
1265.61
1265.68
1265.72
1265.81
1265.81
1265.83
1265.97
1266.03
1266.42
1266.52
1266.54
1267.81
1268
1268.08
1268.08
1268.17
1268.34
1268.34
1268.34
1268.37
1268.37
1268.37
1268.47
1268.5
1268.64
1268.89
1268.89
1268.99
1269
1269.06
1269.07
1269.07
1269.07
1269.08
1269.52
1269.52
1269.52
1269.52
1269.53
1269.83
1269.83
1269.96
1270.25
1270.44
1270.45
1270.79
1270.9
1270.99
1271.07
1271.09
1271.09
1271.09
1271.13
1271.13
1271.2
1271.39
1271.59
1272.19
1272.33
1272.42
1272.75
1273.22
1273.33
1273.59
1273.63
1273.66
1273.76
1273.8
1273.8
1273.84
1273.91
1273.92
1273.92
1273.99
1273.99
1274.02
1274.03
1274.07
1274.07
1274.07
1274.72
1274.72
1274.73
1274.73
1274.89
1274.98
1275.11
1275.17
1275.17
1275.17
1275.47
1275.5
1275.76
1275.76
1275.87
1276.09
1276.1
1276.1
1276.12
1276.13
1276.31
1276.78
1276.8
1276.83
1276.83
1276.9
1277.12
1277.12
1277.35
1277.36
1277.4
1277.62
1277.63
1277.66
1277.67
1277.83
1277.84
1278
1278.23
1278.23
1278.26
1278.26
1278.61
1278.92
1278.95
1279.17
1279.27
1279.33
1279.4
1279.63
1279.72
1279.87
1279.91
1279.96
1279.96
1280.01
1280.04
1280.13
1280.18
1280.2
1280.35
1280.42
1280.52
1280.93
1280.93
1280.99
1281.19
1281.22
1281.25
1281.42
1281.66
1282.18
1282.23
1282.3
1282.32
1282.45
1282.45
1282.45
1282.45
1282.46
1282.46
1282.46
1282.52
1282.67
1282.67
1282.7
1282.7
1282.7
1282.78
1282.79
1282.79
1283.11
1283.39
1283.56
1283.58
1283.59
1283.63
1283.71
1283.71
1283.71
1283.77
1283.82
1283.82
1283.86
1283.88
1284.14
1284.44
1284.67
1284.94
1284.95
1284.95
1285.05
1285.24
1285.29
1285.47
1285.79
1285.95
1286.17
1286.17
1286.17
1286.17
1286.18
1286.18
1286.18
1286.2
1286.23
1286.24
1286.38
1286.38
1286.4
1286.43
1286.48
1286.94
1286.97
1287
1287.04
1287.16
1287.2
1287.23
1287.36
1287.41
1287.54
1287.73
1287.79
1287.79
1288.13
1288.3
1288.42
1288.42
1288.56
1288.56
1288.78
1288.78
1288.85
1288.99
1289.22
1289.29
1289.36
1289.59
1289.84
1290.08
1290.49
1290.61
1290.74
1291.11
1291.12
1291.34
1291.94
1291.94
1291.95
1292.27
1292.28
1292.35
1293.05
1293.13
1293.28
1293.39
1293.4
1293.45
1293.58
1293.71
1293.73
1293.73
1293.73
1293.9
1294.79
1294.96
1294.97
1294.98
1295.04
1295.31
1295.39
1295.79
1295.84
1295.84
1295.92
1296.06
1296.17
1296.23
1296.38
1296.39
1296.45
1296.49
1296.55
1297.21
1297.59
1297.74
1297.76
1298.24
1298.42
1298.43
1298.98
1299.05
1299.17
1299.31
1299.35
1299.49
1299.88
1299.94
1299.94
1299.99
1300.17
1300.44
1300.44
1300.44
1300.44
1300.56
1300.8
1300.8
1300.82
1300.86
1300.88
1301.16
1301.74
1301.74
1301.93
1302.16
1302.17
1302.51
1302.73
1302.77
1302.78
1302.81
1302.83
1302.84
1303.45
1303.53
1303.69
1303.73
1303.9
1304.18
1304.33
1304.49
1304.5
1304.69
1304.81
1304.81
1304.82
1304.82
1305.2
1305.32
1305.33
1305.61
1305.9
1306.11
1306.58
1307.25
1307.25
1307.33
1307.39
1307.64
1307.7
1307.74
1307.76
1308.07
1308.09
1308.16
1308.21
1308.25
1308.31
1308.34
1308.36
1308.6
1308.74
1308.95
1309.02
1309.12
1309.27
1309.56
1309.56
1309.66
1309.78
1309.78
1309.78
1309.78
1309.84
1309.84
1310.08
1310.19
1310.26
1310.26
1310.3
1310.39
1310.4
1310.93
1311.07
1311.07
1311.28
1311.3
1311.51
1311.55
1311.56
1311.74
1311.86
1312.13
1312.23
1312.56
1312.94
1313.04
1313.04
1313.26
1313.59
1313.85
1314
1314.43
1314.43
1314.76
1314.96
1315.21
1315.21
1315.24
1315.24
1315.24
1315.54
1315.65
1315.73
1315.76
1315.86
1315.86
1317.22
1317.48
1317.56
1317.56
1317.58
1317.86
1317.88
1318.07
1318.08
1318.35
1318.35
1318.79
1318.96
1319.02
1319.05
1319.07
1319.13
1319.15
1319.16
1319.31
1319.62
1319.68
1319.69
1319.73
1319.74
1319.74
1320.08
1320.52
1320.52
1320.72
1321.06
1321.08
1321.09
1321.16
1321.4
1322.52
1322.52
1322.64
1322.71
1322.83
1323.11
1323.58
1323.72
1324.29
1324.7
1324.7
1325.07
1325.07
1325.14
1325.85
1325.86
1325.88
1325.88
1325.88
1326.33
1326.37
1326.48
1326.51
1326.51
1326.6
1327.55
1327.81
1327.81
1327.81
1327.82
1327.82
1328.33
1328.33
1328.33
1328.44
1328.49
1329.01
1329.17
1329.17
1329.37
1329.39
1329.43
1330.08
1330.15
1330.43
1330.74
1330.75
1331.02
1331.02
1331.68
1331.71
1332.01
1332.7
1332.88
1332.92
1333.03
1333.31
1333.31
1333.31
1333.31
1333.45
1333.52
1333.62
1333.74
1333.81
1334.34
1334.48
1334.48
1334.65
1334.71
1334.71
1334.94
1335.31
1335.31
1335.66
1335.7
1335.71
1335.93
1336.2
1336.22
1336.56
1336.83
1336.99
1336.99
1337.06
1337.91
1338.19
1338.52
1338.54
1339.3
1339.47
1339.47
1339.84
1339.84
1340.21
1340.22
1340.33
1340.34
1340.34
1340.34
1340.36
1340.62
1340.62
1340.67
1340.72
1340.76
1340.9
1341.51
1341.51
1341.55
1341.62
1341.85
1341.95
1342.1
1342.24
1342.5
1343.03
1343.04
1343.06
1343.15
1343.41
1344.23
1344.24
1344.24
1344.97
1345.14
1345.15
1345.15
1345.16
1345.16
1345.31
1345.7
1345.78
1346.05
1346.05
1346.24
1346.5
1346.5
1346.52
1346.52
1346.52
1346.52
1346.52
1346.68
1347.37
1347.37
1347.45
1347.45
1347.45
1347.51
1347.68
1347.68
1347.68
1347.68
1347.69
1347.69
1347.69
1347.69
1347.7
1347.71
1347.71
1347.71
1347.81
1348.2
1348.2
1348.2
1348.53
1348.62
1348.62
1348.82
1348.98
1349.16
1349.29
1349.55
1349.59
1349.62
1349.76
1349.76
1349.76
1349.77
1349.77
1349.97
1349.97
1349.97
1349.98
1350.02
1350.15
1350.15
1350.15
1350.16
1350.25
1350.41
1350.59
1350.76
1351.07
1351.07
1351.13
1351.13
1351.22
1351.24
1351.31
1351.55
1351.56
1351.65
1351.82
1351.97
1352.08
1352.08
1352.26
1352.36
1352.4
1352.7
1352.84
1352.84
1352.84
1352.87
1352.88
1352.94
1353.25
1353.46
1353.46
1353.46
1354.16
1354.16
1354.17
1354.71
1354.71
1354.71
1354.72
1354.73
1355.21
1355.25
1355.25
1355.28
1355.32
1355.34
1355.4
1355.41
1355.48
1355.71
1355.71
1356.22
1356.22
1356.38
1356.5
1356.61
1356.61
1356.79
1357.56
1357.91
1357.92
1357.94
1357.95
1357.99
1358
1358
1358
1358.02
1358.61
1358.62
1358.62
1358.98
1358.98
1359.11
1359.11
1359.13
1359.38
1359.44
1359.44
1359.67
1359.74
1359.96
1359.96
1359.96
1359.96
1359.96
1359.96
1360.08
1360.33
1360.34
1360.34
1360.36
1360.65
1360.79
1360.79
1360.79
1360.98
1361.07
1361.14
1361.14
1361.21
1361.36
1361.52
1361.57
1361.57
1361.62
1362.72
1362.78
1362.84
1362.84
1362.84
1362.98
1363.26
1363.74
1363.87
1363.87
1363.87
1363.87
1363.87
1363.88
1363.88
1363.89
1363.98
1363.98
1364.19
1364.99
1365.02
1365.21
1365.31
1365.32
1365.52
1365.78
1366.21
1366.33
1366.36
1366.43
1366.47
1366.67
1366.67
1366.92
1366.92
1366.94
1367.11
1367.45
1367.56
1367.59
1367.59
1367.89
1367.89
1367.89
1368.16
1368.27
1368.47
1368.55
1368.84
1368.91
1368.91
1369.33
1369.37
1369.42
1369.56
1369.79
1369.79
1369.95
1370.24
1370.25
1370.28
1370.33
1370.33
1370.55
1370.55
1370.55
1370.98
1371.03
1371.03
1371.09
1371.35
1371.35
1371.35
1371.35
1371.86
1371.86
1371.86
1371.91
1372
1372.01
1372.19
1372.27
1372.27
1372.5
1372.54
1372.55
1372.55
1372.55
1372.56
1373.37
1373.38
1373.56
1373.58
1374.37
1374.37
1374.37
1374.4
1374.43
1374.47
1374.5
1374.64
1374.64
1374.66
1374.75
1375.07
1375.08
1375.08
1375.39
1375.4
1375.66
1376.14
1376.14
1376.26
1376.4
1376.6
1376.88
1376.9
1376.95
1377.07
1377.08
1377.11
1377.51
1377.58
1377.58
1378.17
1378.25
1378.44
1378.51
1378.52
1378.52
1378.52
1378.83
1379.1
1379.2
1380.03
1380.11
1380.11
1380.11
1380.11
1380.11
1380.23
1380.25
1380.53
1380.53
1380.53
1380.6
1380.6
1380.68
1380.68
1380.78
1381.01
1381.38
1381.41
1381.45
1381.45
1381.56
1381.57
1381.78
1381.78
1382.16
1382.18
1382.35
1382.49
1382.5
1382.5
1382.54
1382.6
1382.84
1382.87
1382.89
1382.9
1383
1383.29
1383.44
1384.04
1384.05
1384.43
1384.74
1384.81
1384.98
1385.44
1385.58
1385.77
1385.93
1386.36
1386.39
1386.78
1386.81
1386.82
1386.84
1386.94
1386.99
1387.1
1387.14
1387.15
1387.28
1387.31
1387.46
1387.48
1387.48
1387.55
1387.55
1387.55
1387.87
1387.92
1387.92
1387.96
1388.21
1388.22
1388.3
1388.36
1388.36
1388.42
1388.55
1388.55
1388.59
1388.91
1388.92
1389.11
1389.11
1389.13
1389.26
1389.28
1389.48
1389.66
1389.66
1389.71
1390.02
1390.06
1390.18
1390.29
1390.52
1391.02
1391.06
1391.18
1391.31
1391.4
1391.43
1392.3
1392.3
1392.35
1392.54
1392.55
1392.62
1392.65
1392.65
1392.66
1392.67
1392.67
1392.7
1392.75
1392.82
1392.9
1392.92
1393.77
1393.77
1393.86
1393.99
1394.09
1394.09
1394.22
1394.25
1394.27
1394.28
1394.29
1394.29
1394.29
1394.29
1394.38
1394.39
1394.55
1394.57
1394.75
1394.75
1394.85
1395.08
1395.26
1395.26
1395.39
1395.39
1395.42
1395.42
1395.51
1395.53
1395.92
1395.92
1396.11
1396.12
1396.22
1396.55
1396.64
1396.81
1396.81
1396.86
1396.88
1397.14
1397.14
1397.14
