0.520228
0.522439
0.524675
0.541133
0.549193
0.556962
0.562531
0.56374
0.742708
0.745491
0.746184
0.799221
0.812977
0.844299
0.855783
0.858939
0.860892
0.887333
0.889918
0.90982
0.935905
0.97183
1.07068
1.32628
1.59712
1.75358
2.18532
2.32627
2.32659
2.37544
2.52523
2.915
2.9154
2.93078
2.94109
3.17057
3.58561
3.59601
3.93032
3.93792
4.41593
4.64909
5.50053
6.25914
6.25918
7.80811
8.1918
8.84572
9.36777
9.45189
9.72858
9.74082
10.522
10.6425
11.2672
11.4139
11.8653
12.0392
12.1133
12.5717
13.1519
13.4413
13.5211
13.5794
14.5115
14.7715
14.7923
14.8772
14.9154
14.9169
15.9758
16.1907
16.2178
16.2538
16.6418
16.7205
16.7433
17.7438
19.6389
20.0935
20.1396
21.5944
21.6286
22.0276
22.0596
23.5725
23.8683
23.928
24.0108
24.2046
24.377
24.5421
24.5584
24.671
24.6736
25.5043
25.5046
26.2299
26.2317
27.3626
27.3634
27.476
28.2977
28.6639
29.2333
31.0106
31.0119
31.1618
31.1631
31.2128
31.815
31.8154
32.0186
32.0197
32.2332
32.2383
32.5307
32.583
32.6366
33.0768
33.3471
33.6329
34.0512
34.0597
34.062
34.4591
34.4868
34.5094
34.5108
35.3381
35.5305
35.6338
35.7956
36.4157
36.435
37.8722
37.8745
37.8771
38.0319
38.1508
38.2566
38.2591
38.763
39.101
39.2648
39.3922
39.6341
39.8532
39.8557
40.4342
40.4482
40.5249
40.5283
40.6414
41.0517
41.2437
41.4873
41.7477
41.8419
42.11
42.8459
42.9052
43.2463
43.4764
43.7941
43.8556
44.0418
44.1385
44.1702
44.4167
44.6201
45.0127
45.0183
46.3903
46.3922
46.619
46.6194
46.6226
46.6447
46.6467
46.6623
46.8366
46.8892
47.0739
48.1323
48.1644
48.3209
48.514
48.7455
49.059
49.0594
49.0622
49.2333
49.3176
49.4211
49.4516
49.5547
51.3832
51.384
51.3868
51.6722
51.8687
52.072
52.3968
53.1405
53.2944
53.2948
53.5837
55.1512
55.1757
55.3614
56.0163
56.1142
56.1199
56.3331
56.4774
56.5289
56.6777
56.9102
57.4789
57.7714
57.9141
58.0713
58.0741
58.3
58.8655
58.8657
58.899
58.9161
59.08
59.2854
59.3209
59.3226
59.3312
59.4605
59.5597
59.5963
59.5971
59.7168
59.7228
59.7406
60.3232
60.6288
60.6487
63.234
63.4351
63.8802
63.8994
64.0383
64.6169
66.1252
67.1352
67.6608
68.1846
68.5894
68.5897
68.7173
69.6264
69.6293
69.674
69.6743
69.9436
69.9508
72.0453
72.047
72.049
72.0542
73.0872
73.3163
73.3172
73.7592
73.7797
74.1106
74.6721
75.0139
75.3203
75.8238
75.8252
76.3684
77.5337
77.5611
77.7798
79.0703
79.6478
79.9034
80.7572
80.9559
81.1546
81.4504
81.8604
82.1808
82.198
82.6597
82.7361
82.8596
83.0729
83.073
83.0733
83.0744
83.1141
83.115
83.1875
83.1876
83.1884
83.4834
83.5478
84.5957
84.872
84.873
84.8733
84.8735
84.9737
85.5062
85.7266
85.7266
86.2694
86.3495
87.1396
87.4895
87.5923
87.663
88.0078
88.6498
88.7924
89.4283
89.8584
89.9233
90.2544
90.3132
90.3134
90.3135
90.3138
90.456
90.4562
90.8805
90.8807
91.3825
91.384
91.4344
92.0805
92.0809
92.0817
92.0819
92.1452
92.1462
92.1471
92.225
92.3765
92.4994
92.5128
92.6175
94.6183
94.7421
94.8808
94.8815
94.8881
94.8897
94.9517
94.9557
95.0173
95.1758
95.176
95.2772
96.4329
96.4352
96.4895
97.3921
97.3921
97.3921
97.5958
97.6244
97.6255
98.3555
98.6575
99.6168
100.037
100.21
100.235
100.239
100.751
100.815
101.408
101.41
101.585
101.766
101.787
101.991
102.729
102.887
102.888
103.03
103.895
103.979
104.019
104.075
104.545
106.18
106.655
107.427
107.962
107.962
107.963
108.113
108.322
109.325
109.58
110.388
110.428
110.43
110.43
110.659
110.711
111.219
111.231
111.805
111.88
112.134
112.481
113.13
113.185
113.563
113.64
113.649
113.65
114.193
114.28
114.351
115.33
115.399
115.399
115.399
116.411
116.487
116.487
116.675
116.696
116.809
117.124
117.359
117.475
117.741
118.397
118.744
119.038
119.428
119.619
120.796
121.319
122.08
122.324
122.325
122.757
123.09
123.091
123.141
123.141
123.142
123.211
123.212
124.099
124.314
124.315
124.766
124.804
125.04
125.041
125.071
125.072
125.073
125.074
125.174
125.18
125.181
125.424
125.461
125.989
126.082
128.766
129.536
129.911
130.23
132.038
132.382
132.385
132.43
132.65
133.164
133.165
133.257
133.709
133.843
133.874
134.748
135.191
135.205
135.299
135.388
135.458
136.57
136.578
136.578
137.038
137.155
137.273
137.389
137.987
137.987
138.05
138.051
138.11
138.131
138.383
138.487
140.291
140.396
141.244
141.465
141.848
141.937
142.085
142.546
142.681
142.681
143.028
143.502
145.561
145.561
145.762
146.184
146.185
146.575
146.762
146.764
146.765
147.027
147.027
147.076
147.077
147.188
147.62
147.621
147.679
148.192
148.194
148.304
148.308
148.36
148.364
148.365
148.483
148.631
148.634
150.663
150.664
150.873
151.057
151.057
151.116
151.116
151.117
151.119
151.119
151.121
151.125
151.125
151.131
151.189
151.198
151.76
151.866
153.345
153.957
154.366
154.407
154.592
154.625
154.819
154.821
154.821
155.344
156.271
156.273
156.274
156.274
156.277
156.378
156.454
156.605
156.716
156.717
157.342
157.343
157.344
157.345
157.345
157.53
157.677
157.892
158.218
158.219
158.586
158.889
158.891
158.893
158.905
159.194
159.196
160.24
160.24
160.24
160.357
160.358
160.533
161.707
164.048
164.049
164.675
164.813
164.878
167.138
167.984
169.046
169.896
169.91
170.059
171.434
171.821
172.466
172.654
172.838
172.849
172.852
172.853
172.853
173.594
173.619
173.935
173.935
174.182
174.216
174.216
174.766
174.873
174.961
175.092
175.092
175.142
175.447
175.674
178.059
178.061
178.095
179.053
179.206
180.628
180.628
180.63
180.65
180.651
180.651
180.948
180.948
180.948
181.706
182.41
182.461
182.461
182.624
182.857
182.873
182.891
183.619
184.179
184.393
184.577
184.579
184.579
184.957
185.636
185.636
185.64
186.727
186.884
186.884
187.029
187.364
187.37
187.541
188.057
188.393
189.855
191.043
191.111
191.196
191.627
191.84
191.879
191.88
192.797
192.9
192.904
192.92
193.107
193.108
193.389
193.427
193.793
194.106
195.537
195.787
196.311
196.73
196.817
197.011
197.167
197.194
197.198
197.484
197.971
198.156
200.104
200.837
201.105
201.86
201.866
202.312
202.491
202.71
202.977
202.979
203.156
203.629
203.766
203.876
204.408
204.408
205.034
205.047
205.31
205.385
205.386
205.387
205.391
205.393
205.577
206.577
206.584
206.612
206.617
207.516
208.019
208.019
208.546
208.823
210.441
210.443
210.444
210.614
210.615
210.615
210.615
210.636
210.709
211.111
211.237
211.274
211.307
211.313
211.314
211.6
211.608
211.92
213.679
213.679
213.683
214.276
214.672
214.998
214.999
215.062
215.33
215.606
216.327
216.392
216.44
217.65
217.934
217.962
218.364
218.474
219.378
221.188
221.286
221.419
221.515
221.56
221.56
221.645
221.647
222.049
222.05
222.051
222.076
222.077
222.222
222.246
223.009
223.045
223.526
223.527
223.552
223.569
223.6
223.71
223.804
224.338
226.768
226.856
227.114
227.163
227.674
228.367
228.5
228.515
228.517
228.518
229.001
229.117
229.119
229.172
229.353
229.484
229.685
230.952
231.398
232.535
233.13
233.276
233.457
233.472
233.682
233.789
234.61
234.61
234.952
235.493
236.753
236.854
237.258
237.341
238.336
239.111
239.169
239.282
239.696
239.958
239.959
239.963
240.619
240.619
245.706
246.477
246.596
247.269
247.389
248.203
248.445
248.446
248.974
248.974
250.366
250.385
251.646
251.733
251.89
251.91
251.913
252.692
252.834
252.946
252.972
252.975
253.432
253.514
254.115
254.115
254.116
254.258
254.273
254.273
254.274
254.801
255.006
255.36
255.361
255.365
255.553
255.554
255.558
255.559
255.56
255.935
257.678
257.857
257.934
257.953
258.603
259.962
260.144
260.19
260.483
260.902
261.259
262.175
262.2
262.948
262.997
263.022
263.094
264.793
264.87
264.871
264.915
265.051
265.133
265.272
266.422
267.252
267.557
267.557
267.559
267.843
268.234
268.237
268.712
269.753
269.916
270.131
270.188
271.473
272.217
272.477
272.568
273.809
274.106
274.203
274.238
274.25
274.349
274.35
274.351
274.502
274.514
274.919
274.935
274.937
275.41
275.684
275.709
275.768
275.814
275.825
276.085
276.325
277.417
277.568
278.166
278.935
279.251
279.35
279.612
279.655
279.659
279.693
279.92
279.92
279.921
279.921
280.798
280.819
280.819
280.823
280.824
281.067
281.441
281.618
284.508
285.187
285.187
286.356
286.752
286.771
286.894
286.99
287.311
287.325
287.326
287.416
289.054
289.095
289.249
289.46
289.482
289.893
289.95
290.406
290.406
290.919
290.974
291.316
293.784
293.785
294.298
294.506
294.547
294.968
295.944
298.235
298.253
298.253
298.347
298.536
299.32
299.592
299.667
299.667
300.293
300.316
300.354
300.355
300.571
300.869
300.883
301.636
301.64
301.648
301.859
302.653
302.716
302.916
303.513
303.985
304.236
304.743
304.756
304.79
304.79
305.666
306.566
307.057
307.12
307.611
308.792
309.095
309.349
309.349
309.393
309.394
309.497
309.497
311.689
312.772
312.773
312.89
313.394
313.474
313.751
313.874
313.877
314.212
314.663
315.569
315.571
315.845
315.961
315.962
315.962
316.041
316.3
316.385
316.755
316.812
316.818
316.868
316.897
316.899
316.979
317.012
317.674
319.905
319.905
319.906
320.172
320.453
321.078
321.457
321.861
321.862
322.877
323.126
323.278
323.279
323.279
323.28
323.524
323.562
324.682
324.733
325.367
325.532
325.545
326.01
326.798
326.906
326.955
327.455
327.487
328.161
328.456
328.534
328.871
329.697
329.8
330.807
330.808
330.856
331.317
331.718
332.039
332.402
332.555
333.146
334.58
334.629
334.763
337.613
337.654
337.655
338.784
338.784
338.932
339.076
339.881
339.896
340.109
340.262
340.263
340.814
341.119
341.725
342.061
342.248
342.847
343.045
343.114
343.471
343.579
343.936
343.967
344.061
344.062
344.062
344.064
344.494
344.927
344.929
345.282
345.284
345.312
345.492
345.494
345.498
345.84
347.312
347.313
347.313
347.379
347.459
348.454
348.696
348.713
348.732
348.761
349.061
349.223
349.65
349.692
350.197
350.428
350.582
350.615
350.68
350.766
350.807
351.374
351.512
351.603
351.649
351.913
352.102
354.207
354.857
354.857
354.976
355.801
355.928
355.975
356.279
356.391
356.624
357.224
357.259
357.33
357.366
357.779
358.217
358.41
358.916
360.838
363.349
364.756
364.757
364.759
364.76
364.791
364.792
364.793
364.794
364.989
365.081
365.083
365.083
365.092
365.15
365.15
365.339
365.753
366.012
366.548
366.818
367.001
367.008
367.008
367.161
367.214
367.264
367.679
368.546
368.756
368.848
368.852
368.912
369.045
369.272
370.502
370.704
371.475
371.507
372.139
372.496
372.697
372.841
372.842
372.98
373.363
374.455
374.483
374.593
375.101
375.103
375.357
375.453
377.552
377.586
377.628
377.919
378.169
378.862
379.531
379.532
379.925
380.102
380.515
380.578
380.581
381.501
381.924
382.555
382.575
382.576
382.734
382.961
383.2
384.143
384.145
384.151
384.493
384.495
384.59
385.153
385.165
385.35
385.494
385.773
386.075
386.077
386.077
386.219
386.22
386.24
386.241
386.364
386.527
386.628
386.628
387.114
387.349
387.355
387.455
388.58
388.597
388.614
389.261
389.679
391.507
391.526
392.101
395.052
395.181
395.733
395.771
396.058
396.25
396.25
396.262
396.37
396.371
396.372
397.295
397.355
397.373
398.138
398.591
398.886
398.886
399.132
400.715
400.838
400.85
401.036
401.037
401.038
401.039
401.277
402.022
402.322
402.636
402.638
402.925
402.926
403.339
403.419
404.025
404.345
404.379
404.462
404.646
405.047
405.048
405.603
405.674
405.766
405.842
408.235
408.537
408.609
408.705
409.003
409.127
409.718
409.868
410.033
410.474
410.587
410.587
410.588
410.589
411.37
411.473
411.473
411.473
411.504
411.527
411.62
411.62
411.737
411.74
412.683
412.986
413.281
413.326
413.523
413.588
413.664
413.664
413.667
414.007
414.008
414.009
414.009
414.01
414.467
414.619
414.744
414.745
414.829
414.829
414.835
417.743
418.265
418.277
418.278
418.335
418.748
419.912
419.912
419.983
419.984
419.987
419.988
420.324
420.325
420.325
420.326
420.326
420.48
420.502
420.514
420.844
420.966
420.979
420.98
421.132
421.784
422.456
422.725
422.772
422.783
422.944
426.356
426.422
426.425
426.46
426.722
426.769
426.967
426.967
426.975
426.975
426.997
427.569
427.595
427.859
427.881
428.385
428.629
428.635
428.931
429.239
429.632
429.833
429.835
429.836
429.838
429.841
430.191
431.172
431.345
431.392
431.394
431.529
432.305
432.708
433.084
433.876
433.92
434.407
434.67
434.709
434.922
436.948
437.631
437.632
437.633
438.237
438.692
438.908
439.055
439.45
439.844
440.537
440.634
440.683
440.732
440.763
440.897
441.234
441.285
441.285
442.013
442.034
442.035
442.241
442.353
442.608
442.783
443.033
443.526
444.189
444.613
444.614
444.618
444.711
444.785
444.923
445.208
445.21
445.349
445.469
445.469
445.621
445.844
446.011
446.991
447.03
447.208
447.455
447.93
448.142
448.142
448.143
448.312
448.313
448.584
448.586
448.587
448.632
448.765
449.271
450.12
450.216
450.265
450.265
450.266
450.331
450.67
450.671
450.76
450.931
451.274
451.34
451.341
451.435
451.443
452.299
452.471
452.963
452.964
452.996
454.228
454.232
454.232
454.334
454.335
454.758
454.768
455.155
455.157
455.368
455.566
455.735
455.736
456.095
456.243
456.484
456.484
456.557
456.58
456.58
456.581
456.657
458.998
459.532
459.58
459.581
459.902
459.944
459.997
460.453
460.612
460.996
461
461.939
462.52
464.457
464.457
464.461
465.061
465.238
465.398
465.398
465.402
465.614
465.616
466.247
466.247
466.344
466.647
466.92
467.919
468.256
469.112
469.121
469.124
469.251
469.293
469.704
469.802
469.804
469.823
469.858
470.54
471.329
471.385
471.536
472.125
472.897
473.634
473.843
474.807
474.807
475.034
475.124
475.126
475.39
475.573
476.349
476.483
476.922
477.307
477.408
477.48
477.533
478.85
478.925
478.926
478.927
480.043
480.327
480.59
481.141
481.141
481.306
481.381
481.589
482.844
483.132
483.132
483.572
483.64
483.99
485.048
485.055
486.286
486.365
487.102
487.106
487.259
487.48
487.497
487.949
487.958
488.288
488.541
489.474
489.514
489.545
489.545
489.579
492.365
492.365
493.071
493.216
493.32
493.439
493.545
493.894
494.227
494.539
495.151
495.152
495.219
495.656
495.865
495.881
496.112
496.526
496.527
497.83
497.83
498.174
498.176
498.178
498.183
498.645
499.739
499.74
499.74
500.118
500.187
500.244
501.339
501.477
502.194
502.199
502.689
502.69
503.691
503.914
504.162
504.708
505.738
507.887
508.601
509.074
509.115
509.987
509.987
509.989
510.052
510.865
510.868
512.386
512.386
513.818
513.819
514.333
514.576
514.806
514.807
514.807
514.807
515.118
515.352
515.494
515.494
515.634
515.634
516.054
516.087
516.087
516.092
516.096
516.306
516.455
516.458
516.759
517.015
517.095
517.097
517.098
517.098
517.098
517.235
517.236
517.598
517.737
517.811
518.565
518.855
518.925
519.018
519.378
520.433
520.527
520.527
520.563
520.623
520.623
520.721
520.721
520.751
520.751
521.196
521.93
523.616
523.621
527.023
527.034
527.554
527.555
527.556
527.709
529.03
529.251
530.17
530.766
530.767
530.844
530.875
531.187
531.429
531.43
531.798
531.799
531.865
532.779
532.782
532.782
532.933
533.446
533.693
534.334
534.335
534.366
534.73
534.741
534.912
534.912
535.502
535.737
535.738
535.761
535.83
535.951
536.412
536.521
536.957
537.03
537.059
537.322
538.337
538.378
538.379
538.381
539.186
540.132
540.132
540.133
540.134
540.355
540.838
540.838
541.113
541.266
542.731
543.971
544.68
544.682
544.684
544.971
544.996
547.103
547.105
547.194
547.194
547.361
547.362
547.493
547.703
547.991
548.083
548.367
548.367
550.707
550.989
551.005
551.053
551.151
551.319
551.686
551.891
551.891
551.906
552.214
552.446
552.636
552.653
552.723
552.724
552.77
552.896
552.942
553.243
553.244
553.245
553.246
553.584
553.874
553.939
554.319
554.368
556.204
556.204
556.207
556.297
557.106
557.124
557.137
557.24
557.449
557.943
558.264
558.509
558.53
558.667
558.863
559.023
559.28
559.375
559.844
559.845
560.022
560.108
560.324
560.345
560.867
561.52
561.926
562.184
562.334
562.337
563.723
564.732
565.194
565.323
565.692
566.16
566.371
566.75
566.75
567.4
567.469
568.119
568.147
569.932
570.577
570.695
570.696
570.723
570.725
570.873
571.342
572.134
572.15
572.541
572.541
572.726
572.959
573.383
573.385
573.387
573.593
573.617
573.8
573.801
573.801
573.802
574.096
574.325
574.339
574.361
574.671
575.842
576.404
576.542
576.7
576.753
576.808
576.87
576.873
576.877
576.915
577.664
578.542
578.647
578.687
579.091
579.358
579.647
579.688
579.688
580.698
580.789
581.263
581.542
581.74
581.922
582.16
582.346
583.252
583.404
583.406
583.426
584.63
584.777
584.995
584.995
585.076
585.218
586.093
586.094
586.13
586.573
586.946
587.184
587.234
587.235
587.428
587.709
587.847
588.168
588.419
588.52
588.541
588.541
588.808
588.809
588.81
588.814
588.895
588.897
589.095
589.152
589.153
589.374
591.522
592.845
593.028
593.035
593.035
593.302
593.332
593.333
593.534
593.79
593.846
593.846
594.292
594.301
594.743
594.744
595.523
595.552
596.093
598.004
598.004
598.006
598.034
598.034
598.034
598.035
598.037
598.037
598.212
598.216
598.512
598.514
598.961
599
599.108
599.19
600.181
600.247
603.041
603.199
603.2
603.216
603.713
603.722
604.368
604.37
604.556
606.113
606.116
606.243
606.636
606.637
608.078
608.521
608.908
608.909
608.911
608.915
608.916
608.929
609.348
609.383
609.532
609.533
609.535
609.547
609.551
609.709
610.64
610.805
611.999
611.999
611.999
612.218
612.218
612.219
612.525
612.684
612.686
614.809
616.469
616.571
616.571
616.572
616.573
616.688
616.689
616.69
616.694
616.734
617.794
618.071
618.096
618.137
618.137
620.455
620.457
620.674
620.677
620.677
622.274
622.275
622.275
622.69
622.723
623.514
623.514
623.806
624.487
624.487
624.516
625.185
625.185
625.186
625.186
625.265
625.265
625.292
625.622
625.681
625.681
625.688
625.688
625.689
625.798
627.886
630.822
630.825
631.03
631.057
631.101
632.439
632.626
632.728
632.729
633.605
633.663
633.818
634.396
634.4
634.401
634.651
634.652
634.773
634.851
634.926
635.099
635.346
635.558
636.104
636.586
636.642
637.151
637.209
637.217
637.264
637.265
637.598
637.657
637.657
637.82
637.821
637.906
637.906
637.983
639.099
639.101
639.955
641.221
641.221
641.577
642.023
642.828
643.55
643.646
643.883
644.832
645.55
645.551
645.59
646.299
647.426
647.466
648.205
648.619
648.718
648.905
649.105
649.105
649.164
649.583
650.165
650.256
650.256
650.258
650.545
650.646
650.979
651.121
651.32
651.321
651.361
651.437
651.437
651.459
651.548
651.773
651.828
651.83
651.866
652.661
653.073
653.494
653.984
653.985
653.986
653.988
655.339
656.188
656.189
656.378
656.641
656.642
656.962
657.889
657.949
657.993
658.221
659.352
659.352
661.25
661.398
661.4
662.138
662.433
662.436
662.571
662.62
662.62
662.62
662.759
662.762
663.809
664.22
664.294
664.294
664.806
666.034
666.338
666.339
666.519
667.638
667.695
667.696
667.727
667.729
667.782
667.788
667.997
668.722
669.379
669.384
670.228
671.483
671.831
671.834
672.199
672.199
672.243
672.244
672.266
672.565
672.65
672.652
672.684
672.757
672.887
676.069
677.936
677.937
677.938
677.943
677.991
678.034
679.23
679.23
679.563
679.797
679.841
680.129
680.34
680.557
680.802
683.876
684.428
685.251
685.254
685.446
685.484
685.625
686.037
686.327
686.328
686.33
686.744
686.837
687.419
687.644
687.921
687.965
687.965
687.966
688.073
688.075
688.076
689.81
690.106
690.523
690.524
690.525
690.528
690.528
691.477
691.478
691.52
691.526
691.72
692.388
692.388
692.4
692.401
693.551
694.459
694.521
694.524
694.706
696.066
696.268
696.903
696.904
696.904
696.904
696.906
697.383
697.751
697.82
697.867
698.166
698.342
698.343
698.403
698.592
698.652
698.765
698.771
698.891
698.892
699.547
699.602
701.794
701.799
702.085
702.299
703.199
703.201
703.678
707.407
707.589
707.793
707.81
708.896
709.116
709.271
709.274
709.275
709.974
710.342
710.387
711.084
711.88
712.046
712.158
712.173
712.253
713.262
713.262
713.335
713.907
716.572
716.572
717.81
718.104
718.174
718.174
718.287
718.73
718.898
719.264
720.847
720.864
721.633
721.635
721.635
722.274
723.922
724.42
724.421
724.436
726.342
726.342
727.268
727.353
727.402
727.535
728.065
728.066
728.09
728.349
728.94
729.05
729.414
729.516
729.789
729.789
729.894
729.907
731.2
731.407
731.579
731.963
731.964
732.142
732.167
732.196
732.273
732.432
732.434
732.453
733.224
733.889
733.964
734.206
734.236
734.345
734.708
734.92
736.035
736.268
736.33
736.692
737.178
737.542
737.64
737.796
738.211
738.536
738.809
739.09
739.687
739.838
739.852
740.033
740.124
740.178
741.549
741.555
741.629
741.967
741.99
742.155
742.218
742.293
742.506
742.739
743.089
743.144
743.145
743.171
743.236
743.267
743.664
743.731
743.762
744.357
744.5
744.93
745.589
745.599
745.64
745.646
746.003
746.223
746.223
746.242
746.317
746.326
746.478
747.063
747.801
747.856
748.2
748.39
748.51
748.717
748.718
748.791
749.202
749.272
749.658
749.959
750.469
751.07
751.089
751.328
751.508
751.51
752.002
752.11
752.679
752.971
753.166
753.648
754.177
755.203
755.459
755.718
755.848
755.849
756.078
756.083
758.935
762.613
763.28
763.331
763.527
763.573
763.665
763.697
764.06
765.121
765.264
765.292
765.743
765.745
768.028
768.147
768.149
768.528
769.771
771.136
771.188
771.188
771.257
771.61
772.212
772.235
772.236
772.236
772.941
773.594
773.914
774.106
774.177
774.179
774.628
774.629
774.648
774.806
775.151
775.324
775.572
775.765
775.867
777.08
777.311
777.41
777.627
777.742
778.005
778.048
778.128
779.195
779.208
779.209
779.209
779.39
779.801
779.849
779.85
779.87
780.165
780.166
780.673
780.994
781.118
781.118
781.215
781.217
781.36
782.276
782.277
782.29
782.574
782.575
782.875
782.875
782.92
782.961
782.962
783.225
783.304
783.334
783.339
783.624
783.677
784.052
784.16
784.162
784.172
785.631
785.711
785.712
785.714
785.715
785.715
785.952
786.022
786.268
786.271
787.345
787.345
787.568
787.568
787.595
787.779
788.061
788.185
788.185
788.392
788.393
788.968
790.326
790.338
790.805
790.886
790.887
790.911
791.963
792.008
792.207
792.207
792.212
792.946
794.274
794.275
794.531
795.022
795.023
795.123
795.491
795.496
795.503
795.554
795.561
795.6
796.14
796.979
797.723
797.726
798.261
799.637
799.639
799.866
800.464
800.578
801.348
801.351
801.508
801.564
801.578
802.187
802.843
802.896
802.956
803.137
803.137
803.343
803.343
803.376
803.724
804.274
804.351
804.414
804.493
805.439
805.481
805.54
805.541
805.694
806.049
806.295
806.334
806.68
807.096
807.343
807.348
807.789
807.799
807.911
807.923
808.527
808.529
808.532
808.599
808.839
808.847
809.501
809.747
809.753
809.856
809.952
810.487
810.696
810.701
810.966
811.181
811.182
811.692
811.788
811.793
812.235
812.414
812.415
812.442
812.698
812.718
812.895
813.463
813.602
813.645
813.709
814.264
814.535
814.757
814.863
814.97
814.971
815.024
815.325
815.505
815.804
815.809
815.887
816.201
816.668
817.01
817.33
817.925
817.954
818.046
818.766
820.476
820.518
820.52
821.059
821.059
821.566
821.78
822.653
822.943
822.975
823.111
823.111
823.45
823.45
823.813
824.549
824.579
824.579
824.58
824.669
824.818
824.818
824.915
825.203
825.214
825.282
825.303
825.583
827.087
827.204
828.038
829.432
829.796
829.897
830.14
830.377
832.054
832.054
832.556
832.705
832.707
832.764
832.764
832.765
836.011
836.014
837.958
840.894
840.897
841.241
841.298
841.618
841.898
842.574
842.577
842.577
842.967
843.434
843.549
844.062
844.143
844.2
844.218
844.392
844.54
844.58
844.663
844.706
844.707
844.731
844.733
844.733
845.174
845.247
845.398
845.4
845.873
846.355
846.391
846.438
846.565
847.584
847.673
847.677
847.807
847.99
848.19
848.242
848.587
848.588
849.159
849.159
849.43
849.433
850.762
850.945
850.945
850.99
851.014
851.027
851.263
851.277
851.277
851.297
851.321
851.325
851.326
851.407
851.634
852.141
852.228
852.343
852.566
853.239
853.365
853.399
853.487
854.548
855.625
855.625
855.638
855.655
856.104
856.105
856.15
856.258
856.259
857.206
857.321
857.579
857.981
857.981
858.191
858.37
858.37
858.406
858.415
858.467
858.605
858.726
859.105
859.244
859.583
859.602
859.67
859.67
859.67
859.796
859.897
860.157
861.051
861.207
862.18
863.655
863.948
864.081
864.201
864.72
865.563
865.831
865.838
865.838
866.091
867.645
867.935
868.031
868.136
868.136
868.456
868.464
868.545
868.682
869.035
869.035
869.24
869.276
871.237
871.239
871.251
871.281
871.313
871.77
872.178
872.572
872.631
873.895
874.031
874.299
876.022
876.028
876.168
876.224
876.238
876.258
876.965
877.061
877.062
877.126
877.561
877.561
877.855
877.86
878.107
878.428
878.429
878.827
878.828
878.838
878.839
878.84
878.884
879.652
879.692
880.025
880.501
880.864
881.029
881.198
881.199
881.884
882.306
882.306
882.311
882.311
882.312
883.803
883.804
883.937
884.122
884.123
887.925
888.192
888.309
888.51
888.512
890.726
890.83
891.154
892.103
892.3
892.375
893.582
894.431
894.576
894.718
895.075
895.162
895.55
895.621
896.022
896.023
897.507
900.574
900.575
901.01
901.282
901.418
901.754
901.924
902.037
902.039
902.074
902.279
902.279
902.28
902.35
902.414
902.415
902.452
902.62
902.651
902.983
903.013
903.021
903.022
903.024
903.03
903.03
903.177
903.196
903.259
903.274
903.274
903.29
903.815
903.815
903.837
903.919
903.92
905.282
905.402
905.484
905.484
907.284
907.544
907.547
907.891
908.072
908.111
909.042
909.099
909.144
909.172
909.199
909.373
909.373
909.377
909.378
909.705
909.989
909.989
910.031
910.034
910.13
910.199
910.262
910.317
910.459
910.459
910.544
910.606
911.204
911.204
911.561
911.563
911.925
912.642
913.117
913.471
913.642
913.642
913.667
913.734
914.176
914.298
914.483
914.488
914.665
914.863
915.217
915.618
915.924
915.958
916.026
916.114
916.114
916.116
916.338
916.338
916.656
916.684
916.722
916.723
916.725
916.879
916.928
916.941
917.529
917.793
917.956
918.491
918.898
918.898
919.177
919.224
919.303
919.303
919.307
919.307
919.308
919.52
919.94
919.941
919.941
920.51
921.251
921.765
922.104
922.104
922.104
922.14
922.14
922.141
922.784
923.009
923.67
923.676
923.676
923.766
923.859
924.022
929.036
929.083
929.173
929.254
929.336
930.442
930.758
931.221
931.332
931.528
931.531
931.788
932.219
932.574
932.686
932.925
933.511
933.617
935.08
935.081
935.686
935.706
936.446
936.629
936.632
940.52
940.868
940.869
940.914
941.316
941.352
941.445
941.578
941.579
941.682
942.786
942.832
943.158
943.159
943.194
943.615
943.616
943.617
944.058
945.351
945.396
945.532
945.747
945.849
945.961
945.962
945.963
946.354
946.417
946.46
946.46
946.462
946.612
946.69
946.744
946.957
946.984
947.162
947.175
947.935
949.207
949.211
949.255
950.005
950.005
950.144
950.252
951.297
951.672
952.014
952.16
952.294
952.406
952.624
952.624
952.785
953.058
953.103
953.909
953.911
954.285
955.054
955.758
955.825
955.826
956.021
956.156
956.181
956.638
956.736
957.367
957.695
957.921
957.923
958.056
958.171
958.276
958.289
958.384
958.576
958.679
958.717
959.141
959.547
959.95
959.95
960.427
960.641
960.641
960.814
960.815
961.219
961.289
962.746
962.746
963.498
963.562
963.647
963.647
963.649
963.649
963.898
968.875
968.926
969.532
971.131
971.132
972.532
972.574
972.575
972.957
973.132
973.692
973.693
973.693
973.693
973.694
973.992
973.992
974.049
977.899
978.071
978.073
978.144
978.157
978.328
978.33
978.478
978.478
978.48
978.539
978.543
978.571
978.574
978.984
978.99
979.062
979.765
979.768
979.768
979.776
979.866
980.012
980.188
980.373
982.398
982.398
982.562
982.613
982.839
982.906
983.041
983.042
984.243
984.281
984.281
984.281
984.282
984.366
984.367
984.598
985.046
985.418
985.418
985.419
985.437
985.575
985.577
986.434
986.439
987.073
987.082
987.113
988.362
988.569
989.22
989.277
989.305
989.33
989.926
990.218
990.306
990.732
990.732
990.813
990.815
990.817
990.817
990.941
992.508
992.706
992.724
992.773
993.025
993.166
993.28
993.519
995.034
995.368
995.369
997.499
997.503
997.59
999.537
999.569
999.571
999.854
1000.54
1001.5
1001.52
1001.77
1001.99
1002.26
1002.26
1002.8
1003.45
1003.82
1004
1004.08
1004.26
1004.42
1004.73
1004.94
1005.17
1006.01
1006.03
1006.23
1006.25
1006.33
1006.39
1006.65
1007.91
1008.24
1008.55
1008.8
1009.11
1009.12
1009.17
1009.21
1009.34
1010.6
1011.23
1011.88
1012.34
1012.36
1012.65
1012.75
1012.75
1012.75
1012.97
1013.05
1013.17
1013.27
1014.09
1014.09
1014.32
1014.5
1014.57
1014.66
1014.73
1014.89
1015.17
1015.49
1016
1016.66
1016.66
1016.75
1016.93
1017.37
1018.15
1018.45
1018.45
1018.7
1018.89
1018.89
1019.85
1019.87
1019.87
1021.27
1021.54
1021.74
1021.75
1021.98
1022.02
1022.19
1022.54
1022.54
1022.68
1022.96
1022.96
1023.88
1024.12
1024.13
1024.65
1024.65
1024.66
1025.12
1025.12
1025.94
1025.98
1026.13
1026.13
1026.4
1027.12
1027.59
1027.76
1027.76
1028.37
1028.37
1028.74
1029
1029.3
1029.3
1029.3
1029.83
1029.83
1029.83
1030.49
1030.5
1031.76
1031.88
1032.04
1032.04
1032.04
1032.54
1032.57
1032.76
1032.76
1032.86
1033.19
1033.47
1034.08
1034.23
1034.23
1035.49
1038.36
1038.41
1038.62
1038.72
1038.72
1039.8
1039.81
1040.1
1040.21
1040.29
1040.31
1040.31
1040.32
1040.32
1040.62
1040.62
1040.62
1040.63
1040.63
1041.64
1042.17
1042.98
1043.46
1043.74
1043.96
1044.01
1044.08
1044.12
1044.12
1044.14
1044.14
1044.78
1045.06
1045.06
1045.36
1045.36
1045.39
1046.2
1046.45
1046.45
1046.45
1046.71
1046.77
1047.21
1047.44
1048.33
1048.36
1048.59
1048.59
1048.72
1049.03
1049.04
1050.05
1050.12
1050.79
1051.55
1051.62
1051.62
1051.63
1052.12
1052.27
1052.32
1052.41
1052.51
1052.6
1052.6
1052.61
1052.61
1053.17
1054.05
1054.82
1054.82
1054.82
1054.82
1054.82
1054.87
1054.93
1055.5
1055.61
1055.65
1055.65
1056.04
1056.05
1056.23
1057.03
1057.09
1058.49
1058.75
1059.66
1061.27
1061.82
1061.82
1063.46
1063.53
1063.59
1063.68
1064.05
1064.64
1064.94
