0.358082
0.491886
0.498779
0.537801
0.583189
0.678792
0.706586
0.806981
0.80807
0.81859
0.818868
0.819809
1.26994
1.83983
1.87515
1.99932
4.18741
4.18944
4.2582
4.64476
6.01228
6.48108
6.49393
7.05125
7.10519
7.74483
8.21009
8.39348
9.86813
9.94609
10.6331
11.5939
11.9417
12.0314
12.0428
15.2002
15.2011
15.2013
15.2023
15.3258
15.4022
16.0528
16.0561
16.7523
16.8953
16.8957
16.8965
16.996
17.3431
17.3433
17.3921
17.6864
17.688
17.6895
18.6652
18.7084
18.808
19.6022
19.626
20.0821
20.272
20.81
21.2224
22.883
22.8846
22.9364
22.9425
23.689
24.2484
24.2485
24.7751
24.9911
25.2509
25.6075
25.6076
28.7354
28.9917
29.3735
29.3742
29.5734
29.5743
29.5748
31.4926
31.4962
31.4975
31.4982
31.552
31.5525
32.6668
34.009
35.2303
35.8206
35.9006
36.0982
36.099
36.2975
36.3223
37.8289
37.8447
37.8916
37.8923
38.016
38.0202
38.0214
38.5138
40.3673
40.3694
40.3698
40.4353
40.4362
40.4368
40.4393
40.7498
40.9059
41.1848
41.1854
42.3671
42.9544
43.6559
44.0132
44.0377
44.8547
45.0085
47.5748
47.6342
47.6376
48.9915
48.9923
51.8357
51.8397
52.4552
52.6979
52.7652
54.3572
56.254
56.2541
58.0857
60.2511
61.6251
62.1582
63.1265
63.328
63.5015
63.5031
63.5034
63.5352
63.8692
65.7682
65.9038
68.6927
70.0531
70.0544
70.0548
70.3045
70.3051
70.6065
70.6092
72.3949
72.3958
74.2595
74.4221
74.424
77.2021
80.4402
80.5472
80.9099
81.0211
81.6074
81.6076
81.608
81.9327
84.0078
84.1633
86.1174
86.1181
86.1725
86.174
86.2586
86.3902
86.4656
90.543
90.5432
90.5434
90.5441
91.0052
91.0054
91.0084
97.3799
97.3806
97.4149
97.4177
97.4273
97.4295
97.5484
97.5485
97.8642
98.7835
98.8303
98.831
99.2612
100.251
100.38
103.037
103.038
103.286
103.731
103.778
104.118
104.611
104.972
105.014
105.171
105.835
105.992
106.03
106.067
106.312
108.067
108.247
108.286
108.311
108.401
108.894
108.894
108.906
109.249
109.354
109.818
110.116
110.172
110.332
111.325
121.342
121.515
126.904
127.681
132.293
132.294
132.335
132.536
132.546
132.546
132.547
132.597
133.314
133.316
134.66
135.199
135.6
135.6
135.886
136.317
136.736
136.737
143.046
148.15
148.523
150.155
150.156
150.187
150.948
151.17
151.172
151.173
151.68
151.685
151.817
151.818
151.987
151.988
152.683
152.792
152.793
152.8
152.985
153.093
153.396
154.099
154.468
154.843
154.916
155.313
155.441
155.442
156.806
156.808
160.249
160.762
160.763
160.933
161.576
161.844
161.97
161.978
162.271
162.272
162.29
162.299
162.32
162.681
162.682
163.885
163.889
164.484
164.663
164.756
164.82
166.502
166.504
166.507
166.783
166.784
168.036
168.805
168.862
168.908
169.158
169.273
170.301
170.791
170.993
171.021
171.131
171.397
171.958
175.16
175.16
175.368
175.493
175.571
175.571
176.31
176.429
178.106
178.53
178.543
178.593
178.675
178.905
180.421
181.093
181.155
182.967
183.081
183.189
183.218
183.257
183.335
183.568
183.911
183.989
183.99
183.99
184.009
184.094
184.228
186.116
186.781
186.798
186.97
188.289
188.289
188.787
188.811
189.258
189.259
189.263
189.785
189.795
190.264
192.094
192.291
193.108
193.145
193.224
193.521
193.798
194.295
195.042
195.538
196.394
196.571
196.886
197.538
197.613
199.67
199.672
200.228
201.756
202.011
202.013
202.024
203.541
203.549
203.654
206.085
206.198
206.208
206.208
206.208
206.212
206.212
207.732
207.736
207.869
210.433
210.436
211.264
211.264
211.265
211.266
212.195
212.283
212.5
212.5
213.23
213.781
213.781
213.814
214.737
216.315
217.285
217.31
217.452
218.112
218.232
218.232
218.523
218.524
218.525
218.857
220.646
220.647
220.648
222.805
222.805
222.807
222.809
222.813
222.813
223.002
223.256
224.181
224.573
224.574
224.58
224.581
224.751
225.814
226.293
226.719
226.913
226.913
227.44
227.673
227.698
230.013
230.397
231.068
231.172
231.173
231.515
231.524
232.544
232.562
232.566
232.807
232.969
233.356
233.575
233.576
233.725
233.734
234.03
235.37
235.425
235.493
235.495
235.625
235.657
235.693
235.983
236
236
236.021
236.021
236.021
236.039
236.067
237.121
237.158
238.275
238.295
238.44
240.837
240.877
240.952
240.952
240.958
241.456
241.51
241.656
241.659
241.903
241.903
242.484
243.177
243.178
243.517
245.335
245.476
245.86
251.609
253.373
253.559
253.563
253.563
253.885
253.887
253.891
253.907
253.934
254.611
255.075
255.077
256.23
256.271
257.065
257.239
257.246
258.543
258.722
258.75
261.405
261.533
262.025
263.253
265.621
266.137
266.684
266.762
266.764
266.985
267.431
267.431
267.736
267.767
268.016
268.205
268.321
268.441
268.507
268.916
269.697
270.199
270.663
270.805
271.087
272.056
272.22
272.666
273.6
273.774
274.409
274.895
274.897
275.356
275.442
275.496
277.488
277.49
277.536
277.553
277.653
277.973
277.975
278.026
278.029
278.835
278.879
283.054
284.59
284.66
284.66
284.877
285.685
286.526
286.527
288.246
288.247
288.509
288.526
288.68
288.68
288.68
288.808
288.809
291.039
291.04
291.545
291.634
292.665
293.029
294.258
294.407
295.096
295.228
295.229
295.249
296.326
296.446
296.472
301.939
302.043
302.053
302.055
302.058
302.07
302.071
303.614
303.616
304.522
304.692
305.142
305.423
305.423
305.424
305.426
305.426
305.429
305.531
306.958
307.027
307.498
307.633
307.635
310.589
311.207
311.359
312.554
312.587
312.588
312.869
313.152
313.167
313.422
315.041
315.37
315.672
315.781
315.838
315.988
315.998
316.16
316.161
318.054
319.153
319.514
319.535
319.59
320.099
320.506
321.269
321.649
321.822
321.841
322.219
322.26
322.9
322.93
322.93
323.947
323.948
324.976
325.232
325.233
325.259
326.066
326.119
327.487
327.49
327.491
327.491
327.503
327.984
328.085
328.265
328.452
328.453
328.531
328.935
328.983
329.233
329.599
330.113
330.114
330.115
330.158
330.565
330.669
330.669
330.95
330.95
330.951
331.149
331.704
331.907
332.149
332.149
332.17
332.627
332.628
332.692
332.864
333.033
333.034
333.094
333.096
333.098
333.098
333.505
341.469
341.511
341.765
341.798
341.834
342.228
342.789
343.062
343.112
344.689
345.498
345.559
345.56
345.932
345.945
345.946
345.946
346.204
346.205
346.206
346.206
349.059
349.082
349.402
349.44
349.533
349.924
350.307
350.49
350.601
350.783
350.784
350.861
351.168
351.218
355.242
355.416
355.417
355.494
355.647
355.648
355.696
355.7
356.034
356.035
356.037
356.81
357.211
357.995
357.996
358.007
358.008
361.269
361.28
361.43
361.842
361.845
362.005
362.328
362.759
362.799
362.8
362.992
362.992
362.996
363.046
363.305
363.305
363.37
367.345
367.577
367.584
367.817
368.101
368.101
368.102
368.102
368.343
368.572
368.763
369.626
369.655
370.336
370.599
371.027
372.417
372.496
372.767
372.828
372.951
373.034
373.134
373.144
373.275
374.751
375.279
375.281
375.283
375.491
375.51
375.51
375.511
375.666
376.291
376.292
377.309
377.656
378.426
378.427
378.427
378.665
378.666
378.783
378.814
378.835
378.847
379.418
380.517
380.526
380.621
380.731
382.082
382.366
382.39
382.396
383.294
383.36
383.538
384.042
384.045
384.134
384.134
384.286
385.151
385.485
385.726
385.957
385.96
385.96
386.18
386.435
386.947
387.002
389.651
390.47
391.123
391.125
391.322
391.499
391.658
391.73
392.19
393.436
394.287
394.287
394.288
394.29
395.633
395.633
395.75
396.864
397.53
399.686
399.973
399.973
399.974
401.749
403.436
403.857
404.619
404.723
404.81
404.984
406.26
406.62
406.621
407.037
407.368
407.489
407.491
411.871
411.95
413.405
413.744
413.801
414.663
414.828
414.871
415.568
415.569
415.614
415.616
415.617
415.713
415.761
416.556
416.671
417.124
417.543
417.545
417.607
417.608
417.608
418.413
418.854
418.955
419.092
419.165
419.32
419.32
419.32
419.321
419.321
419.451
419.568
420.122
420.234
420.581
420.581
420.582
420.965
420.965
421.423
421.425
421.426
421.428
421.43
421.6
421.6
421.601
421.701
421.763
421.763
421.789
421.792
422.13
422.333
422.458
422.678
423.064
423.411
423.483
426.961
427.265
427.265
428.61
430.176
430.39
431.081
431.124
431.198
431.866
432.668
432.681
432.683
432.684
432.697
433.22
433.386
433.399
433.657
433.668
434.132
434.159
434.231
434.232
436.523
437.68
439.819
439.822
439.824
439.854
440.087
441.642
443.873
444.19
444.267
444.267
444.267
444.757
444.761
445.246
445.401
445.453
445.453
445.709
445.71
446.147
446.147
446.364
446.421
447.198
447.482
447.762
447.762
448.526
448.527
448.845
449.318
449.335
449.489
449.785
449.921
449.925
450.018
450.182
450.241
450.242
450.244
450.246
450.591
450.803
451.129
451.242
451.772
454.675
454.675
454.676
454.676
458.357
458.381
458.381
458.648
458.648
458.869
461.609
461.657
462.398
462.654
463.316
463.658
463.664
465.119
465.24
465.241
465.399
465.533
465.842
466.255
469.349
469.702
469.703
469.738
469.769
470.224
471.99
471.99
472.522
473.625
475.459
477.03
478.904
479.163
479.224
479.457
479.459
479.679
480.86
480.86
480.888
481.16
481.293
481.294
482.948
483.377
484.114
484.334
484.933
485.002
485.003
485.878
486.002
486.082
486.183
489.226
490.77
494.836
495.66
496.163
497.385
497.386
497.386
497.388
499.838
500.124
500.886
502.626
502.685
502.685
502.688
503.509
503.511
504.973
509.095
509.63
510.416
510.661
510.662
510.663
511.335
512.343
512.486
512.486
512.625
512.77
513.652
513.659
513.661
513.662
513.876
514.979
515.217
515.259
517.641
518.223
518.265
518.265
519.284
519.606
519.612
519.898
519.977
521.874
521.879
522.899
522.906
523.267
524.039
524.04
524.809
527.998
528.604
529.354
531.185
531.191
531.192
531.372
531.377
531.378
531.566
533.693
535.493
535.968
535.968
535.97
536.26
537.357
537.358
540.085
540.086
540.155
540.294
541.56
542.471
542.546
545.617
545.618
546.124
546.155
546.499
550.114
550.328
550.462
551.111
551.29
552.354
552.385
552.42
552.917
553.494
553.535
553.536
553.537
553.756
553.757
554.619
554.705
554.706
555.253
555.254
555.74
556.233
556.435
556.436
557.857
558.365
558.608
558.964
559.026
559.094
559.097
560.59
560.59
560.59
560.593
560.712
560.74
561.214
561.246
561.249
561.612
562.171
562.172
562.172
562.533
562.672
571.355
571.417
573.62
573.817
574.098
574.133
574.307
574.316
574.317
574.546
575.04
575.091
575.097
575.131
575.391
575.392
576.781
576.783
577.291
577.334
578.603
578.606
580.762
580.942
581.042
582.336
582.521
582.551
582.553
582.556
582.679
583.357
583.996
584.353
584.354
584.679
584.764
584.792
585.334
585.447
585.869
588.32
588.792
589.14
591.326
593.612
594.198
594.203
594.772
594.772
594.81
595.302
595.919
595.919
595.921
599.814
600.343
600.473
600.817
600.818
600.916
601.358
601.358
602.439
602.545
602.576
604.152
604.269
604.325
604.359
605.201
608.43
609.889
609.892
609.894
610.616
611.121
611.356
611.403
611.596
611.596
612.667
612.701
612.716
613.409
613.677
613.859
616.195
616.927
617.339
617.823
618.202
618.205
619.421
619.806
620.361
620.437
620.953
621.13
621.13
622.345
622.345
622.346
622.585
623
623.147
623.148
623.437
623.615
623.973
623.992
624.065
624.202
625.369
626.556
626.878
626.878
627.475
630.45
631.614
631.616
633.456
636.081
636.259
637.647
637.714
637.907
638.139
641.719
641.722
641.725
642.639
642.903
642.904
642.932
643.044
643.045
643.699
644.037
644.039
644.372
644.38
644.754
645.214
645.82
645.851
645.851
646.233
646.234
647.369
648.1
648.1
648.101
648.102
648.119
648.545
648.548
649.029
649.039
649.34
649.341
649.393
652.986
657.752
657.83
658.486
659.743
659.745
659.834
659.948
660.384
660.97
663.6
663.607
664.262
664.263
664.394
665.057
665.128
666.516
666.516
666.982
667.509
667.751
667.963
667.969
668.896
669.041
669.041
669.044
670.324
670.326
670.37
670.371
670.728
671.285
671.402
671.44
671.775
671.778
671.778
672.136
672.269
672.27
672.272
672.51
672.594
672.659
673.844
674.398
674.421
674.856
674.935
674.937
674.938
674.952
680.492
680.637
681.533
681.535
681.862
681.863
681.89
682.089
684.902
684.966
685.014
685.074
685.185
685.373
685.389
687.725
688.013
688.013
688.691
688.693
688.745
688.747
688.749
688.749
691.014
691.037
691.719
691.814
691.814
692.411
692.891
692.986
693.368
694.061
696.057
696.09
696.225
696.233
696.363
696.363
696.887
698.889
699.998
701.682
701.833
701.846
702.91
702.944
703.025
703.685
704.472
704.634
704.915
704.916
705.225
705.238
705.515
705.941
706.014
706.106
706.219
706.613
706.613
706.614
706.733
707.324
707.599
707.836
710.918
712.51
712.859
712.86
712.873
714.62
714.636
714.636
716.015
718.095
718.199
718.581
719.091
720.359
720.907
725.527
726.241
726.351
726.354
726.355
726.408
726.657
726.839
727.038
727.232
727.282
727.374
728.165
728.407
728.572
729.38
729.388
729.998
730.271
730.326
730.71
734.061
735.55
736.115
736.211
736.347
736.533
736.533
738.074
738.236
738.585
740.477
740.719
740.719
740.735
740.736
740.792
741.593
741.82
741.823
741.825
742.748
742.749
743.646
743.684
743.684
743.853
743.853
744.755
744.756
744.926
744.927
744.934
744.934
744.937
744.985
746.5
746.565
746.669
746.871
746.872
747.331
747.451
747.659
747.661
747.662
748.081
748.696
748.739
749.088
749.18
749.184
749.537
749.537
749.541
749.6
749.653
749.656
749.827
750.4
750.541
750.557
751.852
751.857
752.195
753.47
753.555
753.576
753.876
754.652
754.869
754.87
755.477
757.523
757.579
758.748
758.748
758.748
758.874
759.457
759.871
759.872
760.637
760.639
760.76
761.095
761.227
762.125
768.61
769.095
769.097
769.161
769.161
769.291
769.292
769.676
769.888
770.114
770.971
770.972
771.047
772.238
772.372
772.978
773.164
773.166
773.452
773.454
773.572
773.618
773.619
773.728
773.728
774.511
774.55
774.721
774.753
774.754
774.754
774.996
775.033
775.106
775.176
775.178
775.364
775.615
776.124
776.791
776.904
777.149
778.001
778.221
778.39
778.746
779.324
779.879
779.898
779.899
779.976
780.504
780.504
780.506
781.486
781.762
781.763
781.904
786.189
786.189
786.234
786.234
786.515
787.41
787.803
787.93
788.01
788.588
788.943
789.573
789.602
790.078
790.103
790.124
791.808
793.172
793.173
793.703
793.9
793.921
793.983
795.664
795.666
795.667
795.733
795.749
795.852
795.854
796.003
796.004
796.437
796.876
796.889
796.891
798.631
801.707
802.254
803.934
803.938
803.941
803.952
804.425
804.583
805.973
808.085
808.528
811.205
811.319
817.369
817.436
817.585
817.606
818.054
818.251
818.354
818.358
822.025
822.026
822.026
823.108
823.24
827.499
828.945
828.946
829.704
829.725
829.727
830.532
835.542
836.086
836.485
837.568
837.568
837.865
837.986
838.253
838.254
838.254
838.639
840.005
844.138
844.173
844.267
844.268
844.323
845.252
845.271
845.353
846.039
846.132
846.303
846.33
846.528
846.59
846.856
847.338
848.222
849.279
850.634
851.6
854.2
854.594
855.024
855.025
855.578
856.265
856.266
856.53
856.533
856.676
857.277
857.484
857.783
858.731
858.864
859.729
859.784
860.706
860.745
865.998
866.145
866.853
866.963
867.708
867.713
867.718
867.89
867.929
868.862
868.92
868.99
868.991
869.199
869.321
869.442
869.969
870.084
870.679
870.68
871.335
872.53
872.654
872.833
872.835
873.768
873.801
873.898
873.983
874.394
875.344
875.952
876.053
876.055
876.201
876.514
877.468
877.589
879.489
879.493
879.649
879.656
879.657
879.837
879.86
880.818
881.839
882.649
882.838
883.923
884.076
884.418
888.516
891.857
891.859
893.411
893.656
893.906
894.505
894.579
894.579
897.005
897.005
897.114
898.524
901.1
901.141
902.841
903.191
903.393
903.541
903.663
903.663
903.732
903.88
904.079
905.817
906.121
906.133
906.133
906.837
906.838
906.839
906.84
906.84
906.892
909.091
910.366
910.426
912.208
912.209
912.286
912.321
912.962
913.178
914.161
914.812
914.983
916.189
916.959
918.396
919.994
920.694
920.699
920.699
921.176
921.176
921.176
921.531
921.532
921.679
921.704
921.809
921.811
922.592
922.594
922.594
923.833
924.461
925.222
925.223
926.666
926.757
926.835
928.317
928.43
928.43
928.441
928.527
928.561
928.639
