0.243089
0.248969
0.594091
0.59474
0.679979
0.702425
0.702691
0.706081
1.22272
1.27312
1.2766
1.27677
1.27687
1.36496
1.84911
1.90244
2.74275
2.95143
2.95188
3.00203
3.10682
3.13298
3.17048
3.17072
3.2986
3.35798
3.38837
3.44355
9.14714
9.98601
15.641
15.6427
63.3779
63.3872
63.5315
93.1789
169.183
170.458
170.458
170.746
170.746
170.746
200.55
200.588
201.96
212.271
212.271
212.647
214.386
214.387
217.541
217.542
217.64
292.384
293.202
368.886
369.471
369.471
370.208
370.928
370.928
372.23
372.253
372.284
373.475
381.802
423.312
423.45
428.694
428.748
428.749
463.789
469.956
472.542
484.248
486.247
493.837
493.847
494.378
494.378
501.944
502.584
502.598
503.924
503.924
504.21
504.307
