0.260033
0.290138
0.38016
0.411972
0.469495
0.57622
0.716389
1.18226
1.1827
1.18351
1.18606
1.21655
1.82274
1.82796
1.8284
1.8526
1.87989
2.06345
2.13548
2.20901
2.2979
2.29973
2.89387
2.89425
3.81452
4.3976
5.49713
9.79626
82.4899
82.4905
82.7407
82.9918
84.9109
101.615
102.785
102.89
102.89
103.959
103.96
117.547
117.547
117.548
122.731
122.731
127.559
127.559
128.696
130.778
155.939
155.94
155.94
155.96
156.413
162.242
162.268
162.429
201.415
204.165
206.477
206.799
208.168
208.72
223.19
227.121
232.936
277.02
277.133
280.231
280.73
283.371
283.43
284.23
284.247
284.558
284.966
284.974
285.118
289.188
345.13
345.317
345.333
345.338
347.366
347.376
357.749
357.848
357.949
357.95
358.081
358.522
358.841
360.1
360.339
360.339
362.462
397.23
397.29
397.321
397.451
398.367
398.531
398.531
398.842
401.775
401.775
422.032
504.287
505.65
505.774
506.639
506.668
507.133
507.164
507.165
508.821
509.087
514.412
514.788
515.367
516.38
519.96
520.009
520.009
520.17
520.264
520.273
520.422
520.579
535.902
535.908
536.292
536.292
536.35
536.35
536.694
536.694
536.706
541.811
542.023
544.95
545.001
563.406
563.407
573.192
573.208
