5.91696
18.268
18.2736
18.343
18.3564
18.5221
18.7068
18.7171
18.8282
27.0772
35.0167
35.2428
44.1779
44.6016
44.6026
44.6197
44.7433
44.7581
44.9703
44.9724
49.46
49.5327
49.5483
49.9941
50.0868
50.4856
50.6269
51.0922
51.1709
51.4739
51.497
53.1973
54.3318
55.5491
57.1118
61.7023
61.8606
61.8917
61.9339
61.9489
62.1024
62.1656
62.1853
62.2167
62.2325
62.2382
62.261
62.2878
62.3334
62.345
62.3907
62.4107
62.5097
62.5127
62.5231
62.6933
62.8397
62.8522
62.9826
62.9854
63.0107
63.0725
63.0755
63.1136
63.1303
63.1403
63.1508
63.1634
63.2017
63.281
63.3131
63.371
63.4282
63.6558
63.6613
63.7466
63.7678
63.798
63.804
63.8121
63.8526
63.8874
64.0869
64.11
64.1289
64.1374
64.1532
64.1558
71.2012
77.9647
78.124
78.1495
79.437
87.6815
87.9286
90.2328
90.3232
90.3484
90.586
110.907
110.982
111.071
115.526
122.671
134.533
148.043
149.983
150.114
150.115
152.415
152.418
153.006
153.102
153.116
164.844
168.861
168.895
169.01
169.058
179.316
179.552
183.222
183.367
183.904
184.051
184.056
184.995
186.354
186.378
186.408
186.472
204.057
204.058
205.175
205.188
205.201
219.142
219.43
220.487
220.962
221.701
221.937
221.939
221.976
222.076
222.195
222.267
222.363
222.622
222.673
222.858
223.709
225.907
268.437
268.975
272.716
272.756
277.315
277.446
284.233
284.425
284.492
284.547
284.562
284.565
285.143
285.202
285.282
285.659
285.735
286.229
297.007
322.559
324.538
339.441
360.639
360.67
361.679
363.441
369.952
370.417
370.471
370.471
370.554
370.576
370.577
370.636
376.458
376.49
376.503
378.184
378.251
378.39
378.596
378.894
378.895
378.903
379.037
379.037
379.078
379.148
389.614
389.952
393.731
393.863
393.934
393.958
394.113
394.113
394.181
394.223
394.247
394.265
394.595
394.667
400.015
400.055
400.525
400.702
416.812
416.823
416.909
416.973
417.256
417.324
417.367
417.407
417.471
417.475
426.281
426.283
426.395
426.408
426.445
426.446
426.467
426.54
426.542
426.911
427.591
448.545
464.507
464.514
464.612
464.638
473.987
474.097
484.247
484.263
484.279
484.292
484.399
484.464
484.995
485.22
485.227
485.579
502.247
502.267
506.546
506.698
506.728
511.921
515.618
526.172
526.233
527.232
527.334
527.504
527.528
527.65
527.656
527.675
527.695
527.701
527.73
527.79
527.855
530.33
530.356
530.4
531.096
544.92
546.278
546.43
549.308
549.481
549.485
560.344
560.397
561.536
561.692
561.712
561.796
562.03
562.317
562.335
562.404
562.421
562.463
562.465
562.477
562.602
565.412
565.513
565.514
565.691
566.509
566.717
577.663
577.733
577.756
580.979
581.105
581.111
581.113
581.358
581.548
581.599
581.705
582.068
582.07
582.082
582.179
588.173
589.792
589.792
589.815
589.822
589.825
589.88
590.068
590.147
590.17
590.189
590.19
590.2
590.217
590.283
590.29
590.324
590.46
593.476
593.549
593.886
601.957
619.719
632.817
635.604
635.642
635.796
635.932
642.767
643.298
643.344
643.393
643.396
650.389
652.872
658.753
659.032
659.377
659.412
659.504
659.514
659.578
659.579
659.584
659.672
659.798
659.863
659.874
659.9
660.069
660.069
660.07
660.111
660.176
660.181
660.183
660.189
660.242
660.293
660.353
660.355
660.364
660.364
660.413
660.418
660.421
660.6
660.611
660.612
660.7
660.76
660.763
660.768
660.798
660.809
660.867
660.94
664.172
664.809
664.834
664.884
664.98
668.606
668.639
668.651
668.655
668.664
668.68
668.762
668.776
668.907
668.916
668.928
669.081
669.101
674.299
684.396
684.456
688.406
688.435
699.093
718.132
719.559
740.552
740.693
742.466
742.502
742.552
742.606
742.614
743.094
743.117
743.229
743.743
744.002
744.003
744.007
744.06
744.061
744.063
744.146
744.279
744.346
744.374
744.45
744.594
744.652
744.833
750.475
755.412
755.43
755.483
755.56
755.58
755.664
755.666
755.669
755.764
755.837
755.951
755.986
762.617
762.811
762.879
769.253
769.271
769.281
769.376
769.377
769.385
769.388
769.663
775.097
775.782
775.79
778.181
779.355
779.363
789.536
790.617
790.624
792.447
798.425
798.499
798.551
798.693
798.742
798.837
798.882
798.895
798.907
799.366
813.199
837.175
837.243
838.414
848.331
848.378
850.168
865.401
867.433
868.998
869.047
869.049
869.177
869.18
869.209
869.217
869.385
869.515
869.526
889.705
891.467
891.63
900.304
915.473
915.679
916.076
916.108
937.321
938.989
973.995
974.041
995.577
996.324
996.348
998.418
998.476
998.568
998.606
998.746
998.748
998.781
998.8
998.869
998.921
998.985
998.99
999.003
999.016
1001.77
1003.11
1003.18
1003.29
1003.42
1003.49
1003.55
1003.59
1003.64
1003.67
1003.71
1003.76
1003.82
1003.9
1004.06
1004.13
1004.17
1004.21
1004.37
1004.42
1004.42
1004.54
1004.56
1004.58
1004.69
1005.07
1012.8
1012.81
1012.88
1012.9
1012.92
1012.99
1013.04
1013.08
1013.14
1013.19
1013.2
1013.28
1013.32
1013.32
1013.42
1013.44
1013.48
1013.52
1013.53
1024.93
1026.12
1027.01
1029.65
1037.49
1037.91
1063.38
1063.58
1077.94
1078.49
1082.39
1082.46
1082.46
1082.46
1082.5
1089.69
1096.38
1096.61
1096.67
1097.43
1097.47
1097.5
1097.51
1097.67
1097.69
1097.71
1097.72
1097.76
1098.39
1098.4
1112.83
1112.89
1116.23
1116.24
1116.52
1116.52
1123.68
1139.44
1139.67
1139.94
1139.95
1140.04
1140.12
1140.12
1140.22
1140.23
1140.26
1140.26
1140.34
1140.38
1140.42
1140.43
1140.44
1140.48
1140.5
1140.51
1140.63
1140.63
1140.71
1140.76
1140.83
1140.89
1140.9
1141.02
1141.19
1141.22
1141.26
1141.33
1141.35
1143.08
1157.33
1174.3
1174.4
1174.5
1174.54
1174.54
1174.89
1178.01
1178.25
1179.15
1180.87
1201.88
1205.78
1225.64
1225.74
1225.81
1225.83
1225.83
1225.84
1225.89
1225.94
1226.04
1226.08
1226.14
1226.17
1226.27
1226.45
1226.45
1226.46
1229.75
1254.3
1254.64
1254.65
1254.79
1268.38
1268.46
1268.48
1268.49
1269.67
1273.77
1280.21
1280.78
1280.8
1280.82
1280.91
1281
1284.32
1284.41
1284.57
1289.43
1292.4
1292.81
1292.94
1292.97
1299.3
1299.34
1299.39
1299.43
1299.44
1300.48
1300.56
1301.06
1325.25
1325.35
1341.63
1343.11
1343.89
1345.18
1345.19
1359.98
1360.14
1360.17
1360.2
1360.29
1360.35
1360.37
1360.37
1360.43
1360.98
1361.05
1374.27
1374.96
1376.62
1376.65
1377.95
1389.13
1389.23
1389.24
1389.27
1389.36
1389.59
1389.68
1389.87
1389.87
1389.88
1389.88
1389.88
1391.87
1391.94
1393.26
1393.34
1405.85
1405.85
1405.85
1405.88
1405.99
1406.05
1406.07
1406.09
1406.09
1432.67
1432.71
1432.71
1432.86
1433.01
1433.01
1433.03
1433.05
1433.07
1433.07
1433.1
1433.12
1433.19
1433.36
1433.46
1452.06
1452.22
1452.23
1452.26
1452.32
1452.4
1453.04
1453.06
1453.18
1453.27
1453.27
1453.38
1453.4
1453.41
1453.48
1453.55
1453.55
1453.67
1454.91
1456.6
1456.71
1456.73
1456.84
1456.84
1456.94
1456.95
1457.23
1457.28
1457.29
1457.4
1487.61
1487.91
1491.48
1491.55
1491.58
1491.67
1491.79
1491.8
1491.88
1491.88
1491.91
1492
1492.01
1492.04
1495.89
1495.99
1496
1496.03
1496.65
1502.92
1504.08
1504.3
1504.34
1504.34
1504.42
1504.59
1504.59
1505.06
1505.16
1505.23
1505.35
1510.6
1510.69
1510.72
1510.76
1510.78
1524.06
1524.16
1524.22
1524.25
1524.31
1524.41
1524.95
1525.14
1525.92
1530.63
1535.52
1536.26
1536.36
1536.6
1536.63
1536.69
1536.89
1537.13
1537.19
1537.21
1555.55
1555.58
1555.68
1556.06
1563.01
1563.23
1566.89
1566.9
1566.97
1577.67
1577.75
1591.61
1591.67
1591.82
1594.15
1594.29
1594.34
1594.38
1594.39
1594.42
1594.42
1594.54
1594.54
1594.55
1594.55
1594.6
1595.65
1596.72
1596.73
1596.81
1596.85
1596.95
1597.61
1603.94
1607.8
1608.92
1609.02
1609.02
1609.04
1609.12
1609.13
1609.15
1609.28
1609.31
1609.31
1609.33
1613.28
1634.3
1635.12
1635.21
1638.8
1643.31
1643.59
1652.43
1652.66
1652.96
1653.31
1653.48
1653.58
1653.64
1653.65
1653.68
1653.69
1653.72
1668.27
1677.56
1681.68
1682.59
1683.02
1695.03
1695.69
1699.96
1699.97
1701.13
1706.66
1706.69
1706.72
1706.84
1707
1707.13
1707.39
1711.67
1711.72
1722.23
1722.24
1722.25
1741.69
1743.85
1771.14
1771.22
1772.56
1774.47
1774.47
1789.73
1790.8
1799.94
1800.1
1803.35
1803.39
1833.34
1833.47
1847.63
1847.67
1847.87
1866.52
1866.52
1866.53
1866.57
1866.63
1866.82
1866.84
1866.85
1867.76
1868.68
1868.78
1868.83
1868.83
1868.85
1868.93
1878.32
1878.34
1878.39
1878.42
1878.73
1879.06
1879.09
1879.09
1879.14
1879.28
1879.41
1910.48
1910.79
1910.79
1922.45
1922.5
1922.61
1922.62
1922.62
1922.62
1943.55
1959.88
1959.98
1960.08
1960.1
1960.16
1960.28
1960.3
1960.52
1960.54
1963.16
1972.62
1972.7
1972.74
1972.79
1973.17
1973.17
1980.62
1990.51
1996.64
1996.68
1996.7
2000.93
2000.97
2001
2001.09
2008.4
2008.54
2014.97
2019.99
2019.99
2026.02
2031.21
2035.22
2036.87
2037.51
2037.54
2042.17
2043
2043.01
2047.57
2052.45
2052.45
2052.56
2053.16
2062.68
2064.98
2065.07
2065.22
2065.24
2065.46
2065.46
2065.47
2065.53
2065.53
2065.55
2065.61
2065.68
2065.88
2065.97
2065.98
2066.01
2066.05
2066.05
2066.37
2066.47
2066.55
2066.56
2066.68
2066.69
2066.79
2066.79
2066.84
2066.93
2066.98
2067.06
2067.11
2067.21
2067.27
2067.28
2067.28
2067.52
2067.78
2067.81
2067.82
2067.82
2067.89
2068.02
2068.03
2068.03
2068.12
2068.21
2068.21
2068.23
2068.24
2068.24
2068.24
2068.27
2068.31
2068.36
2068.37
2068.43
2068.76
2068.77
2068.78
2069.27
2069.31
2071.42
2089.65
2090.08
2090.08
2090.84
2091.05
2093.79
2096.28
2097.54
2098.66
2098.69
2101.22
2101.22
2117.33
2120.52
2120.53
2120.64
2120.75
2120.75
2120.81
2120.87
2126.1
2126.39
2126.41
2126.43
2126.48
2126.61
2126.62
2126.93
2126.93
2126.93
2126.97
2126.98
2127.12
2127.18
2127.18
2127.19
2127.29
2127.42
2129.35
2130.14
2130.16
2130.16
2133.98
2134.02
2134.14
2138.76
2150.78
2157.31
2166.08
2166.09
2166.16
2166.21
2166.24
2166.53
2166.57
2167.6
2167.63
2173.12
2185.02
2185.04
2186.5
2213.71
2213.83
2213.83
2213.83
2215.12
2217.48
2217.56
2217.71
2217.74
2217.84
2217.98
2217.98
2224.1
2224.26
2224.32
2224.55
2224.55
2224.56
2224.59
2224.64
2224.69
2224.77
2224.77
2224.99
2225.09
2225.1
2225.11
2225.23
2225.54
2225.58
2225.93
2225.94
2225.96
2230.92
2240.17
2240.7
2248.18
2248.18
2248.41
2254.56
2272.9
2279.77
2280.08
2280.19
2280.21
2280.24
2280.29
2280.32
2280.32
2280.39
2280.42
2303.25
2303.31
2303.34
2303.54
2303.55
2303.64
2303.67
2303.74
2303.77
2303.87
2303.88
2303.93
2304.02
2304.12
2304.24
2304.24
2304.27
2304.31
2304.31
2304.31
2304.32
2304.32
2304.46
2304.46
2304.5
2304.56
2304.57
2304.6
2304.64
2304.64
2304.66
2304.66
2304.66
2304.81
2310.01
2310.06
2310.1
2310.6
2310.65
2310.69
2310.7
2310.75
2310.76
2310.8
2310.98
2311.01
2311.05
2311.09
2311.1
2311.1
2311.17
2311.19
2311.19
2311.34
2311.41
2311.46
2311.47
2312.29
2316.1
2316.31
2316.33
2316.42
2316.46
2316.51
2316.55
2316.75
2316.79
2316.81
2316.81
2316.83
2318.98
2319.04
2319.12
2319.16
2319.19
2319.2
2319.39
2319.4
2319.53
2319.54
2319.55
2319.6
2319.6
2319.73
2319.87
2319.99
2332.77
2356.37
2356.44
2356.46
2357.49
2382.62
2382.71
2392.27
2392.6
2392.97
2393.98
2394.01
2394.09
2404.88
2404.88
2406.71
2412.42
2412.45
2412.48
2412.54
2412.55
2417.95
2418.05
2418.15
2418.28
2418.91
2418.92
2419.13
2422.62
2440.82
2441.29
2441.42
2441.43
2448.04
2448.26
2448.37
2448.37
2448.41
2448.51
2448.61
2448.61
2448.61
2448.62
2448.62
2448.7
2456.42
2458.02
2460.97
2461.18
2461.18
2461.18
2461.18
2461.18
2461.22
2461.23
2461.37
2461.37
2461.46
2463.74
2463.91
2463.93
2464
2464
2464.01
2465.1
2465.11
2466.09
2491.53
2491.56
2491.61
2491.65
2491.75
2491.75
2491.75
2491.77
2491.83
2491.84
2501.79
2502.52
2502.52
2502.53
2502.55
2502.7
2503.77
2523.23
2523.45
2523.45
2525.78
2526.05
2526.91
2527.06
2527.16
2527.34
2527.34
2527.39
2527.41
2527.55
2527.55
2527.55
2527.62
2527.62
2527.79
2527.83
2527.88
2528.46
2528.49
2534.71
2536.33
2537.04
2537.28
2537.32
2537.48
2553.26
2565.61
2565.66
2587.53
2587.64
2587.65
2587.66
2587.66
2587.75
2587.77
2587.89
2587.89
2587.91
2587.91
2587.96
2588.03
2588.03
2588.04
2588.19
2588.37
2588.51
2588.63
2588.63
2588.63
2588.63
2588.63
2588.66
2588.71
2588.71
2588.82
2589.22
2589.24
2589.28
2590.6
2590.61
2590.73
2591.69
2591.88
2591.96
2592.19
2592.29
2592.32
2592.33
2592.41
2592.52
2592.53
2592.71
2592.76
2592.79
2592.82
2592.83
2592.84
2592.92
2592.95
2593.02
2593.05
2593.19
2593.2
2594.35
2596.03
2596.1
2596.17
2596.22
2596.35
2596.53
2596.56
2604.36
2606.06
2606.16
2606.24
2606.38
2606.43
2606.44
2606.55
2607.38
2607.49
2610.99
2657.19
2657.2
2662.86
2664.33
2664.33
2664.43
2664.43
2669.65
2670.76
2690.08
2690.15
2690.62
2690.64
2690.64
2690.81
2690.81
2690.95
2691.06
2691.19
2691.22
2691.22
2691.22
2691.28
2691.29
2691.39
2691.45
2691.45
2691.46
2691.48
2691.49
2691.66
2693.85
2712.48
2712.8
2718.05
2722.56
2722.76
2722.78
2723.15
2723.22
2723.31
2723.38
2723.41
2723.45
2723.46
2723.52
2723.56
2723.57
2723.59
2723.61
2766.73
2767.62
2767.63
2767.97
2768.14
2768.21
2774.65
2774.77
2774.89
2785.5
2805.52
2812.48
2813.44
2813.55
2813.57
2813.58
2813.7
2813.8
2813.88
2813.9
2813.92
2813.94
2814.05
2814.05
2814.2
2814.2
2814.2
2814.3
2889.24
2889.35
2894.26
2903.29
2903.38
2903.47
2903.47
2903.6
2903.64
2903.68
2903.73
2903.76
2903.83
2903.88
2903.88
2903.89
2903.91
2903.94
2904.03
2904.15
2904.28
2904.3
2904.62
2904.7
2904.7
2904.83
2904.94
2919.34
2932.76
2932.85
2932.95
2932.96
2932.98
2933.8
2934.62
2958.27
2984.19
2984.24
2984.49
2984.5
2984.61
2984.81
2984.81
2984.94
2984.98
2986.02
2993.97
2994.18
2994.19
2994.22
2994.28
2994.32
2994.39
2994.48
2994.51
2994.6
2994.6
2994.64
2994.71
2994.76
2994.82
2995
2995.04
2995.13
2995.16
2995.19
2995.2
2995.24
2995.25
2995.28
2995.34
2995.35
2995.37
3000.98
3001
3001.32
3001.32
3001.99
3002.22
3002.31
3002.36
3002.53
3019.24
3020.45
3020.51
3020.54
3020.77
3020.87
3024.85
3024.89
3024.9
3028.21
3030.78
3030.89
3030.89
3031
3031.01
3042.42
3042.81
3042.85
3046.58
3046.61
3046.78
3047.14
3047.18
3047.19
3047.21
3047.24
3047.42
3047.47
3047.51
3047.57
3047.58
3047.6
3048.68
3049.5
3049.62
3056.5
3063.02
3063.12
3063.18
3063.47
3063.47
3063.51
3063.55
3063.6
3064.85
3064.85
3064.88
3064.9
3065.01
3065.01
3065.01
3073.44
3073.64
3073.66
3073.9
3073.99
3074.1
3074.24
3074.27
3074.31
3074.4
3075.35
3075.6
3087.42
3097.79
3108.49
3108.49
3108.57
3108.58
3108.59
3108.68
3130.9
3130.98
3132.75
3135.89
3152.28
3152.28
3152.35
3152.45
3152.56
3152.77
3152.78
3164.89
3168.71
3168.76
3168.77
3168.77
3173.06
3173.13
3176.09
3176.15
3176.15
3176.15
3176.15
3182.17
3197.28
3221.16
3221.32
3221.32
3221.34
3229.28
3229.32
3229.35
3229.37
3229.46
3229.66
3229.74
3230.49
3230.49
3230.5
3230.62
3230.64
3230.65
3230.7
3230.77
3230.81
3230.87
3230.95
3230.95
3230.95
3231.05
3231.24
3231.24
3231.24
3231.32
3231.32
3231.99
3232
3232.15
3232.22
3232.5
3232.5
3232.51
3234.12
3255.41
3263.61
3263.77
3263.91
3263.99
3266.14
3268.06
3268.14
3268.27
3268.35
3268.35
3268.4
3268.45
3268.48
3269
3269.01
3269.19
3269.86
3269.9
3270.1
3270.14
3270.2
3270.2
3270.42
3270.43
3270.45
3270.45
3270.46
3270.46
3270.67
3270.72
3285.79
3292.79
3296.94
3305.73
3323.01
3323.12
3323.36
3323.43
3338.73
3338.73
3338.77
3351.3
3351.49
3351.97
3352.11
3352.12
3352.18
3352.18
3358.51
3358.58
3363.36
3363.44
3365.91
3366.09
3379.18
3379.65
3379.75
3380.6
3380.6
3389.01
3389.04
3389.13
3389.2
3389.82
3389.88
3389.88
3389.9
3389.92
3396.63
3409.2
3409.29
3423.53
3423.6
3428.43
3433.71
3446.84
3446.85
3446.9
3446.94
3447.04
3447.08
3447.25
3447.27
3447.27
3447.32
3447.32
3453.73
3454.15
3454.16
3454.18
3454.29
3454.35
3454.35
3454.35
3454.37
3454.39
3455.03
3455.51
3455.52
3459.02
3459.47
3459.57
3460.74
3460.82
3460.84
3460.92
3460.93
3460.98
3460.98
3461.03
3461.18
3461.21
3463.31
3467.49
3470.7
3476.97
3477.08
3478.08
3478.3
3497.36
3497.42
3497.44
3497.54
3497.8
3502.91
3502.99
3503.07
3503.37
3516.01
3516.15
3517
3553.38
3554.67
3554.81
3555.31
3555.33
3555.42
3555.45
3555.46
3555.46
3555.51
3555.52
3555.56
3555.81
3556.28
3556.52
3556.56
3556.59
3556.6
3556.64
3556.77
3556.77
3556.89
3556.89
3556.9
3557.06
3557.06
3557.17
3557.19
3557.4
3557.41
3557.42
3557.54
3557.55
3557.57
3580.18
3580.75
3580.97
3581.27
3582
3583.69
3583.75
3583.76
3589.42
3589.82
3589.89
3589.96
3590.14
3590.21
3590.23
3590.35
3590.51
3590.78
3591.15
3603.69
3628.01
3651.51
3651.6
3652.29
3652.44
3656.12
3656.22
3656.23
3656.24
3656.25
3656.25
3656.27
3656.35
3656.42
3656.49
3656.49
3656.49
3656.52
3656.59
3656.63
3656.66
3656.93
3656.99
3657.02
3657.02
3657.1
3657.14
3657.17
3657.18
3657.19
3657.34
3657.42
3657.45
3657.46
3657.52
3657.65
3657.65
3657.74
3657.75
3657.84
3657.92
3657.92
3657.95
3657.97
3660.9
3661.02
3661.14
3661.22
3661.25
3682.29
3682.38
3682.45
3682.5
3682.54
3686.32
3686.52
3686.71
3686.72
3686.91
3686.93
3686.98
3687.05
3687.07
3687.16
3687.2
3687.29
3687.3
3687.8
3687.89
3687.9
3695.17
3698.16
3698.3
3719.03
3719.09
3719.71
3719.8
3719.85
3719.92
3720
3720
3720.08
3721.14
3722.63
3726.13
3733.73
3742.67
3742.81
3742.83
3749.48
3770.91
3770.99
3771.07
3771.07
3771.08
3771.1
3771.12
3771.14
3771.26
3771.32
3771.5
3771.53
3771.58
3771.59
3771.61
3771.64
3771.64
3771.65
3771.68
3771.68
3771.77
3771.78
3771.8
3771.81
3771.82
3771.87
3771.87
3771.92
3771.97
3772.01
3772.01
3772.23
3772.24
3777.41
3778.4
3778.62
3778.73
3778.78
3810.09
3810.14
3810.2
3810.22
3812.76
3812.91
3813.16
3813.43
3813.47
3813.49
3813.51
3813.52
3813.55
3813.55
3817.19
3819.48
3819.89
3819.94
3820.03
3820.17
3820.19
3820.19
3820.22
3820.29
3820.32
3820.35
3820.54
3820.55
3820.64
3820.64
3820.96
3821.16
3821.28
3821.38
3821.41
3821.44
3821.5
3821.55
3821.7
3821.79
3821.83
3821.88
3821.89
3821.95
3822.13
3822.14
3822.14
3822.16
3822.17
3822.26
3834.02
3839.33
3839.54
3839.65
3839.71
3839.83
3840.15
3850.97
3851.04
3851.05
3851.15
3851.27
3859.09
3859.97
3860.03
3869.2
3869.89
3870.05
3870.14
3870.23
3870.38
3881.28
3888.37
3906.07
3906.18
3906.23
3906.23
3906.23
3906.23
3906.24
3906.25
3906.38
3906.38
3906.49
3906.55
3906.63
3906.66
3906.67
3906.68
3906.76
3906.92
3906.94
3907.18
3907.18
3907.6
3907.63
3907.73
3907.75
3913.72
3913.85
3913.89
3914.03
3914.07
3914.07
3914.1
3914.11
3914.34
3914.35
3914.57
3915.24
3915.27
3916.46
3916.78
3916.82
3916.84
3916.89
3916.89
3916.9
3916.91
3916.91
3916.97
3917.32
3917.35
3917.36
3917.65
3917.66
3917.68
3917.82
3917.83
3917.89
3917.91
3917.96
3918.07
3918.16
3918.2
3918.21
3918.24
3937.3
3947.76
3948.29
3948.36
3948.43
3948.49
3949.72
3949.75
3949.78
3949.91
3950.02
3950.04
3950.12
3950.23
3951.37
3951.47
3951.47
3951.72
3951.72
3951.76
3951.77
3951.89
3951.99
3952.02
3952.09
3952.09
3952.15
3952.15
3952.17
3952.23
3952.24
3952.24
3952.26
3952.32
3952.37
3952.42
3954.27
3954.32
3954.79
3954.86
3954.89
3957.77
3958.04
3959.69
3959.76
3959.88
3960.37
3973.95
3973.98
3974.21
3975.7
3975.75
4000.42
4000.52
4000.55
4002.56
4003.04
4003.27
4003.28
4010.92
4021.18
4025.95
4029.79
4029.89
4030.29
4030.35
4030.35
4030.48
4030.5
4030.5
4030.54
4030.54
4030.56
4030.64
4030.72
4031.08
4031.15
4031.26
4031.31
4031.32
4031.35
4031.35
4031.45
4031.59
4031.68
4031.7
4032.38
4032.56
4032.62
4032.67
4032.95
4033.05
4033.06
4033.06
4033.07
4033.14
4033.31
4033.34
4033.37
4033.38
4033.39
4033.44
4033.45
4033.47
4033.47
4033.47
4033.56
4033.57
4033.59
4033.61
4033.62
4033.62
4033.65
4033.77
4033.86
4033.96
4034.08
4034.08
4034.45
4036.99
4037.17
4039.43
4048.64
4048.71
4048.72
4048.77
4052.8
4058.47
4068.38
4087.7
4087.78
4088.65
4089.39
4089.7
4089.8
4089.91
4090
4090.04
4090.13
4095.79
4096.77
4096.81
4096.87
4096.99
4097
4097.02
4097.02
4097.06
4097.19
4101.22
4101.23
4106.92
4107.49
4107.5
4107.62
4107.79
4119.2
4119.23
4119.29
4119.43
4119.54
4119.59
4119.6
4119.69
4119.69
4119.69
4119.72
4119.72
4119.82
4119.82
4119.9
4119.91
4119.91
4119.91
4119.93
4120.05
4120.08
4120.1
4120.15
4120.51
4120.57
4123.58
4123.78
4132.6
4158.24
4159.56
4182.85
4190.82
4193.78
4196.32
4196.41
4196.49
4196.53
4196.53
4196.54
4196.54
4196.6
4196.63
4196.64
4196.65
4196.77
4196.84
4196.87
4197.09
4197.11
4201.06
4201.14
4201.15
4201.15
4201.17
4201.27
4201.37
4201.38
4201.4
4201.59
4214.66
4215.18
4215.41
4221.98
4237.21
4237.82
4246.68
4246.8
4246.8
4246.81
4246.82
4246.87
4247.21
4247.5
4247.51
4247.67
4247.79
4247.82
4247.85
4247.87
4247.91
4247.96
4270.05
4270.12
4270.17
4277.02
4282.02
4291.71
4293.3
4293.3
4293.31
4293.34
4293.62
4295.95
4296.48
4296.5
4296.5
4296.6
4296.71
4296.72
4296.83
4296.86
4296.91
4296.91
4296.92
4297.64
4297.7
4297.83
4297.84
4297.93
4297.93
4298.15
4302.42
4302.54
4302.55
4302.56
4302.77
4302.77
4302.93
4302.95
4303.02
4303.03
4320.78
4326.02
4356.74
4356.76
4356.84
4356.87
4358.63
4359.73
4360.03
4360.58
4367.5
4367.95
4368.01
4370.21
4371.76
4371.95
4371.95
4372.05
4372.13
4372.14
4372.25
4372.34
4372.34
4372.35
4372.41
4372.43
4372.6
4372.67
4376.81
4389.69
4401.25
4403.45
4407.1
4429.56
4429.64
4429.71
4429.76
4429.78
4429.82
4429.82
4429.83
4429.98
4430
4430.2
4430.21
4430.29
4430.43
4430.45
4430.47
