0.25619
0.301678
0.301916
0.395913
0.421147
0.485062
0.62485
0.727747
1.2568
1.25829
1.44287
1.49435
1.6285
1.65108
1.69795
1.83814
1.85582
2.16205
2.16281
2.44329
2.44595
2.44668
2.44682
3.03177
3.03208
3.16747
3.92281
5.10204
5.96819
7.56618
7.56665
40.4671
41.9393
43.1782
45.4992
64.579
64.5804
64.7197
70.8656
70.8667
94.1718
94.1722
94.5611
94.5616
94.7285
94.7297
97.1211
97.1221
97.1233
98.337
98.9771
98.9777
99.0619
99.2268
99.2274
99.5354
99.5356
101.273
133.454
134.121
134.191
136.656
137.87
137.87
139.294
142.979
143.704
145.545
145.761
145.762
209.765
210.374
218.088
218.875
219.496
219.785
219.786
220.05
220.066
221.912
222.24
222.281
222.318
222.318
239.486
239.658
240.095
248.358
248.381
248.466
248.467
248.476
248.804
250.35
250.35
250.408
250.434
251.078
260.033
260.508
260.528
260.832
261.739
263.329
268.361
269.959
299.592
300.369
300.37
300.984
301.013
301.096
301.096
302.229
302.23
306.713
306.81
310.568
310.688
311.067
311.068
311.209
311.21
311.327
311.354
313.03
328.647
328.647
328.74
328.927
328.929
328.987
328.988
330.277
330.311
330.329
330.354
330.522
330.59
335.075
340.662
340.662
348.281
382.219
382.448
395.955
395.957
398.199
398.199
399.505
399.505
411.249
416.855
417.285
417.288
417.3
422.572
422.576
424.487
424.487
428.048
428.226
437.872
437.872
437.969
454.331
454.332
454.333
456.691
458.388
458.755
463.881
464.151
464.335
464.616
464.65
464.651
465.131
465.131
476.022
492.077
492.276
496.61
496.61
496.684
496.684
496.76
496.873
502.926
502.937
503.075
503.164
503.205
503.45
503.45
513.393
516.137
516.213
525.754
528.896
528.897
530.864
585.679
585.679
596.439
596.439
608.217
608.217
608.402
608.404
614.379
616.838
616.886
616.887
616.889
618.9
618.9
