0.251083
0.414
0.495566
0.7064
0.721252
0.72768
0.953295
0.961187
1.12977
1.1324
1.2091
1.22226
1.23315
1.3145
1.43178
1.85578
2.40294
2.48851
2.48903
2.49068
2.58636
2.58652
2.90248
2.90358
2.90375
2.92829
3.08981
9.90516
10.271
10.7646
21.0035
22.7246
22.9803
26.1262
29.6341
31.3661
31.4827
31.617
32.2222
58.655
58.7225
58.7318
60.965
72.4983
72.5681
72.9392
73.781
73.8095
74.922
74.9229
75.6429
78.7916
98.1118
98.4824
98.4825
124.914
124.98
126.297
128.694
168.262
180.506
180.554
183.125
183.125
187.95
187.951
194.024
196.311
196.404
196.523
196.763
196.808
197.008
197.009
197.088
197.427
197.8
197.801
197.823
197.888
198.704
222.592
223.122
223.122
223.122
224.314
224.847
225.018
225.035
225.045
226.149
226.464
226.909
226.981
227.195
266.04
266.053
266.178
266.196
266.196
266.208
270.491
280.409
280.409
297.164
392.421
392.701
396.066
396.066
396.229
396.241
396.288
396.289
398.152
398.159
398.703
398.703
399.549
400.037
400.038
402.779
402.884
402.911
402.969
403.589
405.515
420.838
420.838
420.84
422.343
422.52
422.646
423.39
423.39
433.134
433.135
433.136
433.136
438.206
438.206
443.7
443.706
443.708
445.172
445.781
448.37
448.37
448.585
448.587
473.156
474.266
508.974
528.336
534.559
548.914
548.914
549.575
549.605
549.606
549.788
564.967
564.967
565.028
565.132
565.189
570.785
570.785
570.785
570.786
578.79
578.79
