0.307908
0.453341
0.463863
0.518178
0.540903
0.661007
0.672098
0.735216
0.782924
0.906289
1.06982
1.29229
1.29483
1.2954
1.29641
1.36195
1.47162
1.50224
1.51778
1.51779
1.51893
1.52972
1.6671
1.71607
1.78557
1.84949
2.67295
2.67299
2.68117
2.89461
3.54411
3.55855
4.82073
9.8461
9.84662
11.4898
12.4212
12.4215
12.4217
12.4229
13.4253
13.4331
13.4793
13.682
13.6836
14.1187
14.1192
14.223
14.9338
15.4524
16.9163
17.3486
17.5918
18.0475
18.0477
18.1078
19.469
22.6374
24.4246
24.6466
24.9563
24.9564
25.7846
25.8259
27.8892
28.581
32.6393
32.8211
34.1105
34.1244
36.2116
36.6321
36.9055
38.3207
38.434
38.4472
38.4473
38.5052
41.8724
42.4811
43.4942
43.4955
43.5527
46.8035
47.0877
47.1223
47.949
48.2191
48.3155
49.8601
51.924
52.0626
52.0628
52.0637
52.4578
60.1014
60.1929
60.5178
60.6481
60.6608
60.8002
60.957
60.9804
60.9925
61.1409
62.0821
62.0836
62.1077
62.1084
62.1742
62.2691
62.2724
62.7279
62.8014
63.243
63.2802
64.312
64.3684
64.3804
65.1812
65.2989
65.917
67.0422
67.0428
68.4291
68.4309
79.6966
81.6037
81.86
84.5802
84.5926
84.6249
93.2428
93.243
93.3796
93.3797
93.4624
93.4973
93.5556
96.369
96.4038
96.4048
100.068
100.069
100.085
100.334
101.642
101.643
101.671
102.624
103.882
106.369
106.37
107.095
107.167
107.256
114.485
114.487
116.774
118.127
118.181
118.39
118.391
118.737
118.828
118.878
118.988
135.695
135.698
135.708
136.114
136.114
137.056
138.823
140.61
140.955
140.974
141.095
141.097
141.097
141.468
141.57
142.071
142.073
142.074
142.195
142.576
142.697
142.845
143.224
143.273
143.459
143.46
143.478
143.605
143.695
143.987
144.764
144.941
144.941
146.05
146.05
146.55
146.641
146.642
146.745
149.059
149.059
149.219
152.368
152.441
152.589
152.653
152.655
155.104
155.105
156.795
159.106
159.396
159.403
159.425
159.608
159.644
160.13
160.178
160.358
160.412
160.498
160.498
161.317
161.399
161.402
161.419
164.641
175.613
179.456
179.462
179.464
179.974
180.082
184.109
184.161
184.601
186.323
186.454
186.455
186.705
186.705
187.456
187.661
187.692
187.693
187.693
187.693
187.893
190.187
190.569
191.083
191.595
191.821
191.823
191.859
191.86
192.413
192.829
192.961
192.961
193.017
193.017
195.107
197.75
197.769
197.998
197.999
203.186
203.36
204.992
205.048
205.084
205.178
205.515
206.485
207.034
207.229
207.92
208.609
208.672
209.089
209.281
209.843
209.87
209.978
209.978
213.086
213.115
213.12
213.165
213.167
213.235
213.259
213.26
214.148
214.149
215.027
215.154
215.156
215.157
215.213
215.315
215.866
215.931
215.995
215.997
216.432
216.433
216.721
217.099
217.28
217.282
217.344
219.264
219.302
219.303
220.558
221.065
221.157
228.167
229.797
237.125
237.898
244.957
246.666
246.941
247.001
247.849
248.097
248.806
248.852
248.923
250.211
250.981
251.091
251.093
251.85
251.852
251.962
252.004
252.231
252.231
252.407
252.408
252.442
252.443
252.767
252.977
252.978
256.656
261.505
265.603
265.712
270.09
271.283
271.333
271.581
271.855
271.857
277.191
277.192
277.29
277.421
277.705
277.706
277.707
277.708
277.71
278.186
278.188
278.611
281.556
282.24
282.495
283.139
283.866
284.08
284.081
284.117
284.131
284.149
284.149
284.284
284.84
284.84
284.841
284.945
285.899
285.901
285.901
285.988
285.993
286.01
286.059
286.153
288.082
288.201
288.368
289.469
289.484
289.816
289.982
309.335
309.335
309.524
309.524
310.356
310.356
313.98
314.04
316.562
317.244
317.285
318.23
318.231
318.896
319.114
323.478
323.479
323.48
323.527
323.528
323.53
323.547
323.668
323.959
324.144
324.145
324.552
324.553
324.58
344.917
344.917
346.337
346.338
346.338
353.831
365.498
365.502
365.741
365.944
368.721
369.094
369.164
381.917
382.428
382.429
383.01
384.253
384.341
384.373
385.92
386.659
386.932
386.935
386.945
390.805
390.807
390.808
392.311
392.311
393.504
396.269
396.269
396.366
396.367
396.368
396.607
396.998
397.639
397.639
397.641
397.643
397.696
397.696
397.918
408.689
409.07
409.071
410.201
410.28
410.28
411.204
413.209
413.211
413.534
413.536
413.605
413.606
413.606
413.683
413.734
413.735
414.142
414.256
414.339
415.367
415.509
417.058
417.169
417.988
420.318
420.418
420.494
420.495
420.518
422.359
426.287
426.29
426.444
426.758
426.759
429.101
429.102
429.103
429.189
429.189
429.19
434.339
434.34
434.924
434.924
434.924
438.318
438.54
438.541
439.049
439.049
439.05
439.112
439.734
439.742
440.111
440.166
440.169
444.251
444.367
445.086
452.8
452.804
453.067
453.824
453.824
453.858
455.463
455.463
455.465
455.56
455.56
460.53
460.532
460.631
463.099
464.07
464.688
465.807
468.5
469.331
469.37
469.483
469.484
470.861
471.525
473.356
479.795
479.795
479.801
480.112
480.113
480.23
480.23
480.232
480.925
481.097
482.027
483.541
484.996
484.997
485.141
485.203
485.369
485.606
485.627
485.66
485.746
485.863
498.008
499.328
499.35
504.164
504.301
504.595
504.667
504.67
505.085
505.586
505.976
508.977
509.968
510.007
510.393
510.396
511.175
511.176
511.228
511.351
511.352
511.368
511.791
512.04
512.041
512.071
512.952
512.953
512.953
512.954
513.447
514.648
514.785
515.029
515.626
515.787
516.06
520.181
520.584
520.597
520.85
521.978
522.191
522.194
522.194
523.423
523.423
523.459
524.706
524.772
524.772
524.876
524.876
525.036
527.493
527.512
527.513
527.614
527.614
527.648
527.938
527.938
527.94
528.114
528.116
528.117
528.348
530.466
530.686
530.916
531.137
532.729
532.729
532.729
533.392
534.059
534.06
534.748
534.751
534.752
534.919
534.93
534.93
534.931
536.423
539.367
539.512
539.59
539.662
539.825
539.987
541.003
541.67
541.67
542.483
542.484
542.526
542.526
542.552
542.587
542.619
542.766
542.789
542.851
545.268
545.281
545.321
545.56
546.962
547.101
547.548
547.588
548.099
548.099
548.434
548.453
548.459
548.459
548.62
548.669
548.707
548.904
548.91
549.08
549.157
549.158
549.347
549.511
549.52
549.566
554.517
554.518
555.275
556.073
556.684
556.685
556.686
556.698
556.699
556.702
567.919
568.084
568.085
568.086
575.143
576.389
578.201
578.265
578.266
579.335
579.409
580.389
594.16
594.426
594.673
594.841
595.62
595.62
597.128
597.288
597.346
597.346
597.401
597.401
597.532
597.533
597.789
597.79
597.791
602.649
602.649
604.426
604.509
604.509
604.971
604.971
604.972
607.989
608.041
608.042
608.042
609.681
609.857
611.095
611.419
613.651
614.591
616.15
618.831
619.06
619.592
619.66
619.661
621.32
621.348
622.233
622.36
622.714
622.983
622.985
623.624
623.625
623.936
634.949
635.09
635.091
635.259
635.259
635.324
635.668
635.761
636.136
636.136
636.326
636.402
636.404
636.635
636.635
638.755
639.726
639.727
639.776
639.777
647.521
647.833
655.812
655.818
661.214
662.405
664.067
664.07
664.356
664.357
664.359
664.361
664.53
666.801
666.824
675.147
675.353
675.359
675.36
676.235
676.238
676.406
682.339
682.854
683.109
683.257
683.257
684.012
684.019
684.149
684.189
686.834
686.836
686.927
686.927
686.928
686.961
686.984
687.103
687.104
687.28
687.308
688.507
691.069
691.07
694.574
694.617
694.707
696.405
696.673
696.673
701.443
702.584
703.024
703.348
703.577
703.584
704.076
704.089
710.212
710.536
710.891
710.996
711.001
711.003
718.729
722.808
722.815
722.868
722.873
722.878
735.885
736.953
737.019
738.076
738.49
738.841
738.842
738.843
738.91
739.327
739.328
739.328
740.128
740.523
741.956
741.979
741.983
742.009
743.485
743.487
743.525
744.219
751.463
751.464
751.466
751.613
752.356
753.669
754.116
754.89
754.892
758.788
758.798
758.842
758.844
759.122
759.177
762.966
762.972
765.696
768.48
768.48
768.502
771.006
771.006
773.149
773.149
773.152
773.153
775.335
775.502
775.57
779.089
779.089
780.203
780.203
781.393
781.566
782.115
783.136
783.232
783.655
784.774
790.062
790.064
790.065
790.134
792.522
