0.25559
0.29762
0.390547
0.418041
0.469324
0.637628
0.653532
0.678005
0.729549
0.730798
0.84316
0.870017
1.04695
1.08015
1.08283
1.09759
1.85617
1.89049
1.89555
2.08893
2.19449
2.19474
2.3217
2.36541
2.58037
2.58094
2.79208
2.92209
2.92978
2.94973
3.23619
7.17234
7.35607
7.40959
8.68713
43.2123
43.8794
43.9918
46.6574
47.0424
47.0431
47.1376
56.3219
60.8362
61.1442
61.1454
66.004
67.6369
67.6372
76.1449
76.1452
76.2611
76.2797
82.5248
84.1853
84.8173
84.819
87.866
88.3136
90.1038
107.554
108.283
113.957
217.008
217.241
222.604
224.913
225.992
225.993
225.993
226.088
226.089
226.772
226.872
227.259
227.353
230.016
230.019
239.361
240.987
241.013
245.8
245.8
245.801
245.806
246.423
253.02
253.377
254.272
254.275
254.541
258.955
259.546
259.574
260.23
260.416
260.431
264.142
265.414
269.998
296.633
296.657
298.715
298.715
298.716
298.727
298.764
298.766
346.033
346.08
347.158
347.159
347.986
357.368
357.368
357.398
357.401
357.982
358.187
368.518
368.786
368.846
368.961
370.96
370.969
371.136
371.138
371.14
384.185
384.621
384.622
385.59
386.312
388.075
395.213
396.207
407.034
408.383
408.384
424.513
424.557
452.341
458.138
458.138
459.894
459.894
478.949
478.95
479.055
486.56
486.56
487.879
509.356
522.003
522.005
522.006
524.931
524.931
561.499
564.153
564.214
564.395
564.973
565.468
565.654
568.01
568.043
572.083
573.5
574.738
575.234
575.429
578.296
578.297
578.39
580.429
580.435
580.435
580.567
580.568
580.579
580.582
591.368
591.37
591.371
591.73
592.139
