0.281286
0.298264
0.338784
0.445489
0.454323
0.456463
0.520278
0.532197
0.663782
0.77672
0.778906
0.789008
1.2225
1.28429
1.37814
1.40674
1.45602
1.86549
1.87097
1.87115
1.87218
1.88904
1.92442
2.49863
2.49903
2.74677
2.81346
5.36737
5.38
10.5318
10.5334
10.8734
10.9422
12.2148
12.5415
22.9653
29.7759
30.1962
31.3632
31.3632
31.3703
31.4116
31.4118
31.7464
31.7474
32.2096
34.0993
36.7922
36.7928
41.4293
41.4972
42.3624
43.1749
43.1755
43.777
44.068
44.5137
44.6317
44.7559
45.6128
45.613
45.614
45.6885
45.9359
50.2332
50.2333
52.4854
53.2009
53.2046
53.5194
53.5491
53.7166
53.7834
54.0086
54.6494
54.6508
54.6855
58.4307
59.348
59.3488
59.3535
59.6629
60.6113
63.8128
63.9759
64.641
64.7654
64.9833
65.1078
65.2014
66.2484
66.2667
66.267
69.7034
87.081
87.577
87.7141
88.3918
88.3983
88.4905
88.5173
88.5909
88.5922
90.4189
90.4198
90.9619
91.9409
92.283
92.5961
92.6006
92.6161
92.6943
93.7945
93.7946
94.0186
94.0753
95.6607
95.7563
95.7685
97.5653
97.5656
98.0473
98.4203
98.4278
98.5872
101.605
102.576
102.709
103.166
103.174
103.619
106.096
106.478
106.482
106.686
106.701
110.504
110.504
110.775
110.775
111.593
111.594
112.208
121.155
121.157
121.158
121.531
121.581
122.382
122.384
122.791
123.294
123.383
130.911
131.006
131.115
132.435
132.435
132.436
132.802
139.905
145.557
146.063
147.363
147.451
148.01
149.114
149.442
149.548
150.294
150.405
152.326
152.469
152.469
152.707
153.527
153.529
155.812
156.805
159.434
159.574
159.619
160.47
161.162
161.596
161.852
177.286
178.168
178.884
179.085
179.264
182.194
182.342
182.549
183.183
183.93
190.987
191.057
192.076
192.077
192.374
192.375
192.376
192.489
192.49
192.79
192.821
192.821
192.821
192.875
192.926
193.02
193.196
193.24
193.277
193.286
193.33
195.689
197.598
197.747
198.003
198.593
198.836
199.075
199.289
200.275
200.621
202.131
202.133
202.134
202.143
202.648
202.867
208.438
210.229
210.508
210.836
210.984
210.985
211.525
211.579
227.655
227.729
240.646
240.646
240.673
240.673
240.674
242.936
245.403
246.031
246.031
254.695
272.303
285.963
294.176
294.791
298.859
298.859
298.861
300.288
300.996
300.996
300.997
301.115
301.452
304.345
304.345
304.69
306.242
307.462
307.658
307.659
307.937
308.174
308.185
308.301
308.497
321.201
321.202
321.327
321.341
321.416
321.417
321.434
321.747
323.449
323.783
324.67
324.67
324.671
325.794
325.797
325.797
325.859
325.868
325.957
326.032
326.045
326.05
326.092
326.137
326.212
326.421
326.422
329.211
331.785
331.787
332.135
332.135
332.138
332.837
332.843
332.914
332.995
334.291
334.292
334.83
334.83
335.607
336.179
336.18
336.181
341.111
341.123
341.207
358.213
358.214
366.24
366.369
373.031
377.437
377.487
379.119
383.31
383.319
384.571
384.573
384.575
384.577
384.783
384.783
384.784
384.876
385.452
391.669
391.698
391.7
391.934
393.248
393.294
393.311
394.028
394.064
398.166
398.856
398.989
399.308
399.678
407.233
407.245
407.455
410.587
410.648
411.922
411.943
418.645
426.282
426.885
428.024
428.871
429.112
430.198
430.238
430.298
430.526
431.071
431.108
432.761
432.761
432.816
433.013
437.613
438.178
438.282
439.052
440.177
446.22
457.238
457.238
458.794
458.795
458.796
459
459.011
459.51
459.59
459.726
459.726
460.106
460.241
461.12
461.559
461.56
461.724
461.765
462.614
467.87
472.9
473.272
473.394
473.426
482.855
483.047
483.049
483.05
510.745
510.745
511.498
512.261
514.456
515.3
516.455
516.473
516.927
518.802
518.808
519.054
519.054
519.324
519.324
519.324
519.449
520.038
520.039
520.041
520.087
520.103
520.729
521.664
521.665
521.984
523.178
523.178
523.221
523.221
523.221
525.713
525.713
525.74
525.741
525.742
525.745
525.746
526.829
527.683
527.884
530.762
531.325
532.429
532.43
533.653
533.653
533.653
538.157
538.158
544.16
544.482
544.487
544.487
551.947
551.948
551.949
551.969
552.014
552.014
553.646
555.075
555.792
555.792
555.793
555.794
555.928
555.987
560.985
561.089
561.121
561.549
561.626
561.791
561.791
572.104
572.104
573.582
574.131
574.135
575.253
581.033
581.034
581.579
583.032
583.624
584.525
585.019
585.019
587.077
587.077
591.253
591.253
591.254
591.256
600.704
601.404
606.563
606.563
609.546
609.546
609.643
609.646
609.976
610.063
629.767
630.147
630.147
631.652
632.77
635.075
638.128
638.128
638.271
638.272
638.273
639.068
639.078
639.078
639.11
639.111
642.45
642.521
642.739
642.804
643.397
643.615
643.827
644.288
644.289
644.374
644.374
649.744
650.845
651.479
665.214
665.28
665.281
665.281
665.719
666.819
667.514
668.383
668.647
668.967
668.969
668.971
669.001
671.978
672.741
673.255
673.856
674.4
674.401
676.626
679.356
679.357
681.1
681.1
687.852
687.881
687.881
688.851
690.121
690.122
694.343
694.346
704.857
707.307
707.466
707.522
711.23
711.486
711.535
711.536
711.656
711.752
711.753
711.78
711.788
712.368
712.369
712.369
719.608
721.758
721.758
721.934
725.053
725.102
733.81
733.81
740.462
740.465
740.492
740.905
753.458
753.504
753.508
753.706
754.579
756.105
758.061
758.772
758.78
759.128
759.158
759.299
760.013
760.013
