0.242628
0.271008
0.393376
0.40353
0.466319
0.481856
0.593549
0.633038
0.697141
0.699976
0.831195
1.14163
1.31022
1.31162
1.46479
1.72276
1.84898
26.122
26.1415
26.1416
26.1827
26.6055
27.1488
27.1489
27.1728
27.5705
27.7238
33.0043
33.1366
34.7264
34.7273
183.857
183.858
184.085
184.086
210.478
242
244.12
244.121
244.3
245.441
245.441
245.441
245.445
277.734
277.734
277.735
277.743
340.113
340.157
346.134
347.077
347.277
347.473
349.305
354.246
354.246
354.437
355.063
386.412
386.727
386.728
448.933
448.948
448.965
450.042
450.198
450.225
453.687
454.045
460.481
476.988
480.06
487.029
487.029
487.03
487.03
487.193
487.252
