0.24892
0.281252
0.339543
0.367277
0.402369
0.457221
0.486521
0.599781
0.613294
0.70702
0.710302
0.714535
0.714658
1.2282
1.25631
1.83812
1.83892
1.84131
1.85026
2.05172
2.05234
2.10488
2.10543
2.22946
2.55654
2.67988
2.69539
3.02808
3.11726
3.38384
5.26336
5.39968
29.9741
30.2842
35.0629
56.1114
56.1128
56.1141
57.6946
66.5537
77.8054
78.0058
78.0086
78.3025
78.3025
85.3525
85.3532
128.255
128.315
128.412
170.453
224.277
224.278
224.279
224.579
224.857
224.941
224.947
231.375
231.375
231.586
231.913
308.629
310.353
310.455
386.168
386.702
386.896
387.264
387.374
387.688
387.945
389.126
481.962
481.963
482.13
482.163
484.665
484.666
492.837
492.838
499.217
501.721
501.781
501.782
501.783
502.384
502.729
503.333
503.444
503.444
503.478
521.743
