0.476211
0.478335
0.52593
0.559812
0.561418
0.78909
0.799625
0.799765
1.27226
1.90031
2.84709
2.8482
2.8483
2.94368
3.46885
3.48383
3.48562
3.64515
3.64568
4.60875
4.64808
4.75181
4.75608
4.93107
4.93125
5.38887
5.54613
5.54651
5.98818
6.50926
6.51062
6.82511
10.541
13.5485
13.5493
15.0069
15.0511
15.0669
15.1263
15.1276
15.8345
15.9214
16.0665
16.4619
16.8494
19.9261
20.4294
20.7259
20.7276
20.7915
23.0171
24.2007
27.8616
28.0517
30.6261
31.1351
31.3526
31.6902
32.0069
32.2534
32.3423
32.4101
32.6776
33.6226
34.0129
34.6138
34.9446
35.4725
35.4744
35.7738
36.1744
36.5173
36.5764
36.6135
36.6289
37.9684
38.0166
38.0186
38.0992
38.1002
38.1002
38.9032
41.0175
41.0314
47.674
47.7477
47.9469
47.9955
47.9993
51.6792
51.8324
51.8489
52.4583
54.6694
54.7106
54.8128
54.9423
55.5222
55.5678
55.5684
55.6052
56.2
56.2006
56.2558
56.256
56.2575
57.2563
58.0271
58.1644
58.518
58.5188
58.9216
59.7784
59.7794
59.9921
59.9938
60.9035
61.501
62.0687
62.127
62.1276
66.0378
66.0423
66.1001
66.2565
66.4286
66.5277
66.5278
66.6449
67.8676
67.8686
67.9124
67.9129
68.9137
68.915
68.9663
68.9664
68.9683
69.6589
69.8903
69.8926
71.1211
71.3467
71.355
71.356
71.3776
71.956
72.345
72.6082
72.8409
72.8822
72.9789
74.6228
74.6614
74.6623
75.1335
75.2727
75.5216
76.5593
76.6295
77.0038
78.9416
78.9417
78.9422
84.0384
84.0387
84.234
84.3357
85.3783
88.3003
88.3009
89.4347
89.735
89.9949
90.9754
91.3449
91.4412
93.8325
94.4137
94.4137
94.9869
95.4327
95.8609
96.466
100.641
100.652
100.717
101.48
101.612
101.637
102.346
106.518
106.804
106.804
106.968
106.999
111.624
112.076
112.077
112.751
113.537
113.885
114.93
116.978
117.886
119.853
120.582
120.924
121.237
121.241
121.448
121.632
122.036
122.117
122.123
122.623
122.855
123.438
124.11
124.154
124.418
125.229
125.229
125.901
126.469
126.619
128.315
128.714
128.714
128.716
129.002
129.285
129.669
130.583
132.504
146.944
147.164
155.701
155.701
155.853
156.122
156.249
156.25
157.778
158.282
158.352
158.355
158.574
158.722
158.804
158.808
159.183
160.189
160.508
160.848
160.919
163.167
163.168
163.777
164.1
164.178
164.178
164.179
164.179
165.638
165.638
165.682
165.862
165.924
165.967
165.968
166.053
167.056
168.797
169.028
170.171
170.506
170.507
178.327
178.45
181.906
182.275
182.275
182.365
182.365
182.836
183.22
183.22
183.224
185.337
186.606
187.318
187.359
187.366
187.408
188.123
188.123
188.147
188.369
188.371
188.371
188.639
190.053
190.126
190.126
190.128
190.842
190.843
190.844
193.989
194.405
195.105
195.469
195.47
195.471
195.991
195.992
203.857
203.857
204.98
205.008
206.82
208.18
217.356
218.25
220.427
223.713
226.132
226.382
226.574
226.582
228.184
228.455
228.742
229.257
229.258
229.259
229.381
231.573
231.857
232.213
232.214
232.215
232.76
232.972
233.403
233.406
233.406
233.507
233.507
233.508
233.508
233.728
233.729
233.803
233.804
234.055
234.151
235.177
235.349
235.354
235.354
235.355
235.358
236.385
236.408
237.855
239.067
239.119
239.859
241.788
243.069
243.539
244.122
244.132
244.238
244.837
246.996
246.998
247.042
248.54
248.54
248.751
248.788
249.792
249.817
250.984
250.985
251.432
252.293
252.933
254.383
254.384
254.386
254.387
257.528
257.653
257.653
257.702
257.703
259.734
261.146
261.774
263.288
266.528
268.217
268.218
268.5
268.5
269.66
269.721
269.724
270.464
271.181
271.559
271.56
271.561
271.611
271.611
271.612
271.864
272.025
272.029
272.566
273.137
274.084
274.326
274.345
274.503
274.686
275.296
275.299
275.362
275.394
275.395
275.422
278.801
279.093
279.094
280.147
280.301
280.981
281.005
281.037
281.038
281.043
281.127
282.458
286.783
286.787
286.839
287.442
287.562
287.564
290.096
290.097
290.643
290.643
290.655
290.895
293.018
293.413
293.931
295.001
295.107
295.118
295.197
295.197
295.215
295.248
295.721
296.721
296.787
298.412
298.573
298.653
298.653
300.465
300.466
300.468
300.48
300.48
300.48
300.592
300.605
300.789
301.024
301.139
301.328
301.329
303.199
303.777
303.864
304.625
304.736
305.74
305.78
306.163
306.164
306.164
306.187
306.931
306.932
308.449
308.449
308.473
310.221
312.121
312.124
312.124
312.125
312.151
312.184
312.337
312.731
312.732
312.749
313.984
314.055
314.237
314.238
314.368
314.473
318.66
318.66
325.693
325.693
325.694
325.764
326.105
327.472
327.472
327.473
327.595
327.613
328.272
328.415
329.61
329.611
329.718
329.889
330.075
330.077
330.08
330.083
330.377
333.982
335.94
335.941
337.696
337.696
339.637
339.782
340.757
340.759
341.343
341.366
343.008
343.338
343.556
345.126
345.127
345.414
345.414
345.415
345.435
345.565
346.489
363.682
363.717
363.841
363.924
364.659
364.955
366.256
367.893
368.455
372.329
376.141
376.188
376.444
376.567
376.762
376.767
376.77
376.771
376.989
376.99
378.416
378.47
378.47
378.481
378.554
378.555
378.594
378.657
378.657
381.413
381.416
381.434
382.916
382.925
393.244
393.246
393.247
393.843
393.869
393.871
393.942
395.927
396.187
396.392
397.8
397.8
398.189
398.19
398.205
398.419
398.863
398.864
398.996
398.997
399.195
399.323
399.48
399.48
399.655
400.019
401.044
405.388
405.556
406.291
406.951
411.497
411.535
412.64
412.669
414.458
416.016
416.193
416.631
416.632
416.634
416.955
418.409
418.413
418.704
419.541
419.643
420.096
420.154
420.349
420.416
420.429
420.43
420.503
420.504
420.505
420.506
425.189
425.219
425.265
425.292
425.45
425.862
425.866
425.99
428.232
430.42
430.424
430.818
433.258
433.342
436.105
436.448
436.472
436.472
436.567
437.052
437.077
437.192
437.193
437.194
437.369
437.459
443.509
443.836
443.954
445.285
445.371
445.617
446.046
446.341
447.383
447.985
447.985
448.021
448.021
448.192
448.193
448.349
448.349
448.368
448.368
448.372
448.372
448.547
449.151
449.152
449.152
449.153
459.102
459.102
459.102
459.24
459.24
460.778
461.065
463.301
463.329
465.195
465.633
476.763
476.882
477.449
478.804
478.805
482.964
482.985
486.242
486.269
486.348
486.82
486.998
486.999
487.023
487.341
487.341
488.001
488.001
488.002
489.153
489.2
489.536
489.63
489.691
489.954
493.672
494.11
494.11
494.504
494.504
494.546
499.98
500.111
501.737
501.829
503.716
503.914
504.107
504.621
504.683
504.726
505.087
505.151
505.189
505.19
505.664
505.687
512.678
513.149
513.406
513.407
513.786
514.123
517.47
517.76
520.31
520.556
521.766
530.771
530.773
531.109
531.14
531.261
531.262
531.262
531.278
532.133
532.134
532.324
534.593
537.711
542.518
542.522
542.529
542.917
543.168
543.169
544.112
544.112
544.284
556.385
560.292
560.295
560.482
560.543
560.647
560.981
560.983
561.177
562.345
562.671
562.699
563.231
563.232
563.683
564.517
564.573
565.459
565.461
567.99
568.087
568.088
568.16
568.247
569.277
569.467
569.795
571.07
571.29
571.571
571.572
571.615
571.795
573.119
573.119
573.121
573.149
573.15
573.152
573.87
574.626
574.871
580.354
580.363
580.365
580.367
580.992
581.192
581.232
581.91
585.422
585.423
585.423
585.449
585.449
590.972
594.962
595.457
595.745
595.789
598.033
598.033
598.076
598.088
598.09
598.139
598.255
598.834
602.072
602.072
602.079
603.665
603.665
603.923
604.054
606.665
606.693
606.871
607.292
607.754
608.299
608.316
608.419
608.558
610.581
610.651
611.07
611.071
611.246
611.246
611.246
611.258
611.26
611.517
611.924
612.864
612.963
612.99
613
613.206
613.208
614.659
614.74
617.871
618.755
618.756
618.756
618.758
620.951
620.952
621.095
621.097
621.098
621.167
621.271
621.495
622.696
622.733
623.6
623.77
623.791
624.07
625.035
625.747
631.916
632.26
633.098
633.262
633.986
633.987
634.208
634.306
634.477
634.477
635.329
637.07
639.342
639.443
639.444
639.473
639.892
639.892
645.748
646.914
646.996
650.075
653.946
654.194
654.27
656.729
657.544
660.883
662.008
662.009
663.808
663.808
664.156
666.163
666.163
666.164
667.165
670.209
670.21
671.619
671.619
672.349
672.368
672.368
672.558
679.804
680.483
680.483
681.089
686.576
687.328
688.528
688.528
688.529
688.604
695.419
695.524
695.926
695.948
696.633
697.003
697.008
697.185
697.285
701.116
701.595
701.596
701.598
702.156
703.276
703.301
703.451
703.451
703.451
703.828
703.953
704.294
705.06
705.887
705.887
705.933
705.933
705.934
705.952
707.104
707.17
707.673
707.673
707.917
707.918
707.918
708.874
710.983
710.983
711.008
711.009
712.389
712.983
713.039
716.24
716.24
716.241
725.637
725.961
726.209
726.211
726.267
728.067
728.723
728.724
728.829
728.83
728.831
729.325
729.343
729.362
729.896
734.18
734.181
734.186
734.241
734.442
734.762
736.402
736.535
736.535
736.728
737.577
738.469
738.469
738.469
738.666
738.683
738.683
738.684
738.762
739.642
739.643
739.644
739.785
739.882
739.882
739.957
740.444
740.837
740.837
740.838
740.913
741.885
742.475
744.04
744.04
745.03
746.464
746.667
747.984
748.267
748.493
748.544
749.335
749.522
750.444
752.112
752.176
752.215
753.584
753.871
753.873
754.063
754.063
755.53
755.784
758.433
765.465
766.987
769.49
769.692
770.197
770.679
771.932
773.566
774.614
775.109
777.957
778.121
778.386
785.059
785.929
785.932
786.048
787.01
788.023
788.023
788.025
788.724
789.278
789.281
789.447
789.987
789.987
791.33
791.339
791.793
792.341
792.817
793.165
794.148
794.703
795.109
795.27
795.616
795.941
796.004
798.828
799.173
799.173
799.94
800.045
800.172
800.202
800.206
800.3
803.268
803.47
803.482
804.387
804.434
805.401
823.665
823.938
824.107
824.112
825.264
825.265
834.27
834.317
834.509
834.51
834.576
835.351
835.573
836.091
836.115
836.892
837.019
837.172
837.178
837.216
837.24
837.267
837.267
837.34
837.75
837.751
838.292
838.292
838.293
840.658
841.634
841.635
843.023
843.667
843.67
844.749
844.749
845.523
846.351
846.352
847.387
847.387
848.217
848.446
848.571
850.097
850.229
850.364
850.41
850.547
854.82
854.881
854.983
855.255
855.256
855.269
855.271
855.475
855.475
855.477
855.477
857.395
858.928
