0.462297
0.470402
0.477963
0.521133
0.549815
0.554919
0.780025
0.791865
1.18476
1.23943
1.25276
1.25554
1.30238
1.30241
1.46795
1.48572
2.00873
2.01012
2.42686
2.67773
2.9032
3.26595
3.45756
3.94457
6.61815
7.06058
7.44183
10.3122
10.3122
11.6771
17.5258
17.6476
17.6599
17.6704
17.9626
18.9844
18.9877
20.1003
20.4225
20.5118
21.0217
21.0217
21.111
21.2774
24.0145
24.0535
26.3644
26.568
26.7517
26.8669
26.8671
26.9828
27.077
27.3139
28.4293
28.5011
30.4657
30.4671
31.0055
31.5239
31.5515
31.8056
32.2047
32.5062
32.5064
33.1645
33.2632
33.4223
33.5391
33.5666
33.5974
33.8528
35.4853
36.2782
36.3872
36.5054
36.5058
36.604
37.6241
37.6853
37.6855
39.0475
39.3741
40.6157
41.1112
43.1346
43.4256
43.7955
43.8443
43.889
43.8894
43.8904
43.9436
44.1909
44.4784
44.6647
46.1153
46.5124
48.5415
48.5444
48.5768
48.9857
49.2517
49.7952
50.3777
50.7115
50.8496
50.9521
51.3963
52.9629
53.9201
53.9595
54.0798
57.0073
58.5042
58.5311
58.9789
59.2382
59.9536
61.1664
61.9217
63.2722
64.1416
64.1437
64.7913
64.7929
65.1196
65.1835
65.1841
65.2045
65.2053
65.3072
66.2528
66.9506
67.6207
67.6246
70.5451
70.5458
70.5613
70.5942
71.2868
71.2937
71.374
82.5903
83.5603
84.9571
85.0496
85.4879
85.511
86.5891
86.8687
87.9016
87.902
92.8766
92.9314
92.9326
93.386
93.7721
93.7737
94.9319
94.9326
94.9327
94.9339
95.002
95.003
95.1568
96.7121
97.0543
97.0656
97.0865
97.0872
97.0874
97.1173
97.1181
97.3651
98.2412
98.2446
98.4176
98.5414
98.6503
99.1041
99.2887
99.29
99.457
99.9609
103.556
104.514
105.355
105.367
105.562
105.691
106.381
106.4
106.501
106.7
107.016
107.131
107.434
107.561
109.941
110.723
111.718
111.832
111.869
112.326
113.477
113.821
113.822
114.971
115.148
115.302
115.303
116.621
117.75
119.367
120.705
120.851
120.959
121.752
122.361
122.447
122.584
123.672
123.673
123.714
123.88
123.881
124.045
124.747
125.396
126.152
139.788
140.391
140.938
141.145
146.891
146.987
147.279
148.239
148.239
148.414
148.614
148.615
148.646
148.647
151.383
151.548
151.963
151.964
156.232
156.662
156.662
156.749
157.55
158.143
158.175
161.662
162.028
172.178
172.219
172.281
174.179
174.494
174.734
176.776
176.777
176.779
176.842
176.919
176.932
176.932
176.947
176.948
177.999
178.001
178.001
178.003
179.191
182.865
182.866
182.867
183.246
183.329
183.375
183.456
183.856
185.055
186.295
186.616
186.617
186.623
195.876
196.247
196.247
205.649
205.661
207.237
208.219
209.522
211.839
212.769
213.128
215.392
215.393
216.236
216.24
216.241
216.289
216.691
217.777
217.779
218.991
219.144
219.233
219.43
219.803
221.358
221.778
221.781
224.867
225.047
225.833
225.834
225.834
226.393
229.143
230.676
230.677
232.502
232.541
235.193
236.659
236.66
236.661
236.697
236.762
237.819
238.32
239.636
239.637
239.818
239.821
241.844
242.983
243.444
243.562
243.664
243.675
243.904
244.027
247.652
247.679
247.957
248.803
249.159
250.96
250.96
251.13
251.131
251.132
251.132
251.133
251.185
251.395
251.841
251.843
252.959
252.96
252.966
252.983
252.983
253.008
253.308
253.944
259.819
259.873
259.873
259.974
260.836
261.71
262.82
262.875
262.875
264.378
264.383
265.584
268.759
275.179
277.224
277.225
277.225
278.382
278.914
280.927
280.942
281.035
281.855
281.856
281.935
281.936
282.242
283.448
283.497
283.498
283.498
283.53
286.468
287.122
287.122
287.362
287.508
287.553
289.313
290.239
290.559
291.136
291.968
292.437
292.779
292.897
293.282
294.585
294.594
296.652
296.859
296.898
296.898
297.351
297.351
298.294
298.306
298.308
298.309
298.309
298.941
299.07
299.894
299.93
300.426
300.426
307.696
307.698
308.227
308.402
309.422
309.422
309.667
309.668
309.687
309.707
309.707
309.708
309.709
310.251
310.258
313.996
313.996
314.135
314.136
314.162
314.172
315.563
318.012
318.012
323.624
323.627
323.628
324.177
324.649
325.654
325.81
326.524
326.526
328.036
328.567
328.926
329.495
329.641
329.898
330.611
330.787
330.804
331.035
331.052
331.257
331.897
332.032
332.344
332.438
333.176
333.257
334.511
335.866
336.022
336.022
336.068
336.248
336.419
336.583
337.506
337.645
339.964
339.965
340.061
340.27
340.841
341.604
343.203
343.208
343.213
344.279
344.364
344.365
345.567
345.668
346.187
373.829
373.833
374.02
378.998
378.998
378.999
379.736
381.303
382.297
382.816
383.224
383.224
383.276
384.118
384.121
384.176
388.409
388.974
390.98
396.267
396.268
396.968
397.598
398.495
398.551
398.576
399.344
399.535
401.107
401.88
402.015
402.016
402.074
402.167
402.685
404.156
404.156
404.162
404.165
404.231
404.488
405.427
406.925
407.426
408.444
410.792
411.299
412.59
412.729
412.991
414.748
415.579
415.612
416.881
431.658
431.717
431.777
432.399
432.558
432.854
432.935
433.483
433.485
433.487
433.519
434.044
434.044
434.068
434.069
434.07
434.699
444.596
444.641
449.084
449.391
449.565
449.605
453.686
454.182
454.877
454.878
455.075
455.27
455.285
455.37
455.851
456.126
460.089
460.091
460.214
460.215
462.843
463.308
463.589
464.144
464.145
464.442
464.443
464.444
464.447
465.273
465.273
465.679
465.75
465.796
465.806
465.806
467.623
467.684
468.643
469.177
469.732
469.733
469.789
469.79
469.83
469.832
476.32
476.327
476.327
476.415
476.415
476.579
476.826
476.83
478.243
478.259
478.551
478.77
479.454
479.454
479.456
485.329
485.391
485.506
485.506
485.942
490.059
491.761
491.778
491.975
491.977
494.169
497.308
497.312
497.313
498.039
498.039
498.423
500.442
503.364
503.52
503.547
503.567
504.449
504.53
505.324
505.328
505.668
505.67
505.743
505.827
506.024
506.024
507.285
507.286
507.49
511.701
512.208
512.208
512.657
512.661
512.662
513.888
514.498
514.499
515.119
515.166
515.203
515.291
515.779
518.744
518.779
518.791
519.726
522.161
527.508
527.787
527.906
531.978
531.979
532.943
532.989
533.038
533.561
533.562
533.983
534.069
534.327
535.576
535.638
535.668
536.84
536.956
537.006
537.006
540.062
541.815
541.816
541.816
541.882
542.15
542.183
542.231
542.671
543.741
546.415
546.417
548.312
548.315
548.327
548.343
548.343
548.343
548.361
548.395
548.84
548.896
549.415
549.9
550.071
550.071
550.098
550.098
550.886
551.576
551.856
552.483
554.056
555.822
555.822
555.969
558.628
560.145
560.145
560.18
560.182
560.184
560.291
560.308
560.308
560.866
565.875
565.876
568.852
568.857
568.999
569.769
571.087
571.332
571.52
571.545
571.546
572.258
573.489
574.698
574.853
575.579
575.583
576.094
576.967
576.967
576.967
577.323
577.334
577.334
577.516
577.531
577.532
577.604
577.913
578.701
578.772
579.029
579.03
579.508
579.508
586.867
587.111
587.112
590.384
591.516
591.823
591.823
592.062
592.074
592.13
592.363
593.468
593.911
597.333
597.333
597.745
598.58
599.885
599.885
599.885
599.893
601.253
602.659
602.972
611.374
611.407
611.585
611.659
611.659
611.726
612.431
612.784
616.646
616.647
616.649
617.161
621.886
621.971
636.594
636.662
636.692
636.77
636.773
641.128
641.13
642.147
642.148
642.184
642.201
642.284
642.303
642.316
642.584
642.616
643.249
643.569
644.244
644.248
644.272
650.18
651.069
653.058
653.059
653.061
653.09
653.094
653.221
653.222
653.527
653.946
656.378
656.4
656.443
656.727
657.02
657.124
663.145
666.24
666.245
666.248
668.281
668.305
669.155
669.155
669.282
669.353
669.387
670.446
677.235
677.699
683.314
696.828
696.981
697.297
697.411
698.245
698.313
698.396
698.396
698.702
699.775
699.777
700.676
700.762
702.162
702.237
702.744
702.875
702.884
702.884
703.859
704.136
704.365
704.501
704.547
704.551
704.647
704.647
704.649
705.214
705.326
706.448
706.957
706.958
707.006
708.421
712.929
713.25
713.985
714.349
715.029
715.109
722.887
722.889
723.02
723.434
726.184
726.414
726.434
726.546
726.546
726.57
726.571
726.7
726.701
726.703
726.704
727.026
727.145
727.145
727.257
727.257
728.01
728.373
728.452
728.53
728.69
728.698
728.837
731.73
731.731
732.692
733.164
733.483
734.293
734.993
739.264
739.266
739.267
739.276
739.461
739.462
741.383
741.402
741.404
741.595
742.143
742.556
742.557
742.558
753.118
753.354
753.511
755.1
755.645
755.859
755.859
756.084
756.827
757.732
757.732
757.995
758.047
758.047
758.051
758.056
761.371
761.863
761.865
761.905
761.92
762.964
763.273
763.284
763.94
765.658
766.104
766.129
766.162
766.218
766.272
767.34
767.34
767.893
768.013
768.505
770.314
771.481
771.483
771.688
771.723
773.004
773.004
773.176
773.244
773.245
773.54
774.542
775.698
776.732
776.733
776.743
776.744
777.27
777.272
777.272
777.273
777.273
777.343
777.344
777.402
777.403
777.403
777.832
778.538
778.54
779.333
779.427
779.427
779.566
779.608
779.608
779.944
779.944
780.285
780.488
780.49
783.001
783.002
785.804
785.943
785.943
788.945
789.244
789.369
789.373
789.374
789.56
799.329
799.33
799.358
799.464
799.465
800.907
801.012
801.012
801.042
804.266
807.394
807.487
808.041
808.609
808.64
808.643
810.817
810.818
810.958
811.171
811.388
812.5
812.5
824.515
827.889
828.25
