0.466124
0.561078
0.577227
0.596128
0.66676
0.849997
0.88566
0.934872
1.12945
1.23233
1.30613
1.31092
1.37206
1.37231
1.44268
1.44508
1.62538
1.65411
1.73448
1.80886
2.10844
2.33571
2.41429
2.71147
2.80999
2.83367
2.87595
3.1162
3.11755
3.62504
3.72993
3.76094
4.55267
5.05133
5.14961
5.41603
5.79391
6.24686
6.26844
6.59689
6.70611
7.2115
7.2132
7.27581
7.28106
7.28184
7.98362
8.06627
8.14473
8.24444
8.30166
8.4245
8.44078
8.44499
10.2313
10.3641
10.4123
10.5628
10.6058
10.6877
10.6879
10.6971
10.8601
10.9521
10.9524
10.9527
10.9992
10.9999
11.1663
11.1664
11.5177
11.5178
12.1728
12.1872
12.4188
12.8558
12.8573
13.2901
13.292
13.5341
13.5353
14.6025
15.4118
15.4641
15.5864
15.728
15.7286
15.7446
16.059
16.4234
16.7729
16.8121
16.8231
16.8458
16.8867
16.9378
17.0455
17.0637
17.0642
17.6223
17.7977
17.8001
18.0948
18.0966
18.3447
18.5361
18.5388
18.5388
18.5469
18.565
18.741
18.79
18.9577
18.9643
18.9894
19.1435
19.1873
19.1982
19.6394
19.6395
20.5704
21.0556
21.2173
21.2798
21.4624
21.4739
21.4744
21.7632
21.8236
22.105
22.1055
23.3181
23.4409
23.4499
23.451
23.6783
23.6795
23.7205
23.7209
23.8671
23.8675
23.8936
23.9902
24.0071
24.1182
24.191
24.3284
24.3297
24.3974
24.4527
24.7925
24.8715
24.9353
25.1006
25.3139
25.4092
25.5773
25.5812
25.5837
25.5839
25.5966
25.6411
25.911
25.9355
26.0809
26.1894
26.2479
26.2928
26.6353
26.6514
26.6783
27.5076
28.0029
28.0495
28.3964
29.1055
29.2025
29.3153
29.424
30.1758
30.2256
30.2469
30.3043
30.6275
30.6279
30.9913
32.2914
32.2949
32.3559
32.837
33.0382
33.144
33.2223
33.2229
33.3012
33.3039
33.4168
33.4179
33.4188
33.4189
33.4195
33.4211
33.4984
33.5009
34.2772
34.4358
34.5574
34.7734
34.8723
35.0807
35.3753
35.504
35.5075
35.659
35.8995
36.1504
36.1607
36.612
36.9746
37.6266
37.6292
37.6746
37.6791
37.9339
37.9423
38.5156
40.0311
40.0641
40.1558
40.5044
40.5185
40.8542
40.8576
40.9733
41.1936
41.1936
41.3526
41.3543
41.8102
42.1898
42.3207
42.6408
43.1637
43.2142
43.7283
44.0632
44.4723
44.4766
44.7779
45.1685
45.1689
45.5206
45.6669
46.2045
46.2369
46.2376
46.707
46.7134
46.7937
46.7939
46.8438
47.0123
47.0436
47.6764
48.0213
48.0219
48.2055
48.2068
48.2137
48.2142
48.3002
48.3356
48.3501
48.3858
48.468
48.8225
48.8253
48.9229
48.9233
49.3482
49.408
49.5679
49.621
49.6257
49.6488
50.4577
50.4612
50.6087
50.7568
50.7854
50.8413
50.8746
50.8751
50.9021
51.3173
51.32
51.3597
51.7987
51.8065
51.8088
51.9471
51.9598
51.9779
52.1265
52.4063
52.8814
53.1413
53.1429
53.1514
53.1551
53.2527
53.2711
53.4152
55.4262
55.4792
55.4967
55.789
56.0181
56.0185
56.0201
56.9284
57.391
57.4572
57.4579
57.8453
57.8479
58.1729
58.1733
58.8382
59.1167
59.5754
59.6442
59.8419
60.5891
60.594
60.7341
60.7419
60.7445
60.9235
61.1109
61.632
61.7249
61.8125
61.8807
61.8855
61.8996
62.591
62.5923
62.8133
63.0278
63.3067
63.3076
63.6417
63.6425
63.9777
64.158
64.3159
64.3963
64.4448
64.4588
64.9655
65.0858
65.2227
65.225
65.2264
65.7724
65.8819
65.9217
65.9589
65.9594
66.0922
66.7575
66.7732
67.5663
68.0044
68.0051
68.3613
68.9758
68.9778
69.6175
69.6218
70.132
70.3069
70.3075
70.4758
70.7739
70.7754
71.2015
71.2867
71.4071
71.6129
71.6132
71.7227
72.164
72.3202
72.3234
72.4745
72.5127
72.6293
72.9431
72.9457
72.9627
72.9656
74.1766
74.4486
74.4538
75.6369
76.0609
76.0618
77.1123
77.1332
78.0429
78.6768
79.2838
79.3122
79.3152
79.4108
79.4109
79.4112
79.6575
79.8914
79.8966
79.8982
79.9213
80.2917
80.3817
80.4648
80.5552
80.71
80.7457
80.7648
80.766
81.0565
81.108
81.3963
81.4013
81.4238
82.3977
82.7026
82.7301
82.8398
83.0713
83.3204
83.3206
83.3697
83.7005
83.7936
84.1849
85.2589
85.3384
86.3915
86.4397
86.44
86.4408
87.7383
87.7833
87.8557
87.8587
88.6571
88.6616
88.6637
88.705
89.2245
89.3391
89.3733
89.3735
89.67
91.3559
91.5088
91.8476
92.7335
92.7366
92.7368
92.7391
92.8823
92.9166
93.0936
93.2778
93.7942
93.9296
93.9297
94.0707
94.0725
94.1257
94.1831
94.2434
94.2438
94.2439
94.308
94.4297
94.9357
94.9366
94.9392
94.9403
95.263
95.7841
95.9443
96.0267
96.2398
96.6143
96.9703
97.2615
97.4853
97.488
97.6765
97.7909
97.8002
97.9087
98.0333
98.035
98.0364
98.4621
98.6528
98.6532
98.734
98.7668
98.8289
98.9366
99.1965
99.1972
99.2206
99.6275
99.6285
99.6498
99.8684
100.203
100.352
100.353
100.388
100.417
100.709
100.849
100.921
101.138
101.966
103.007
103.242
103.289
103.29
103.322
103.323
103.816
104.209
104.575
104.576
104.668
104.692
104.707
104.72
106.473
106.596
106.638
106.662
106.754
106.921
106.937
107.148
107.213
107.234
108.128
108.654
109.155
109.292
109.966
110.455
110.913
110.914
110.915
111.004
111.006
111.619
111.621
112.348
112.677
112.721
112.722
112.769
112.771
112.945
113.023
113.449
114.258
114.602
114.707
114.707
115.348
115.595
115.931
115.955
116.274
116.404
116.437
116.438
116.47
116.47
116.523
116.595
116.862
116.865
117.254
117.53
117.531
117.532
117.535
117.535
117.542
117.599
117.6
117.701
117.702
118.155
118.516
118.613
118.935
118.938
118.939
118.942
118.942
119.004
119.005
119.011
119.279
119.339
119.354
119.595
119.933
119.934
119.943
120.158
120.231
120.231
120.233
120.548
120.72
120.72
120.978
121.235
121.297
121.406
121.407
122.935
122.938
123.756
124.321
124.322
124.481
124.889
125.445
126.365
126.365
126.499
126.634
126.713
127.016
128.045
128.313
128.314
128.314
128.317
128.385
128.746
128.746
128.746
128.749
129.355
129.41
129.523
129.546
129.643
129.879
129.924
129.925
130.064
130.1
130.893
131.506
131.581
131.678
131.679
131.902
132.066
132.139
132.179
132.244
132.393
132.567
132.973
133.066
133.068
133.222
133.891
134.069
134.13
134.229
134.258
134.437
134.471
134.491
134.97
134.971
134.972
135.014
135.171
135.303
135.742
135.899
135.984
136.878
136.879
137.663
138.095
138.189
138.195
138.206
138.409
139.119
139.12
139.122
139.353
139.743
139.772
139.975
140.158
140.168
140.314
140.625
140.946
141.373
141.517
141.602
141.892
141.893
141.985
142.357
142.436
142.651
142.724
143.739
143.89
143.891
144.025
144.617
144.685
144.686
144.697
144.722
145.117
145.117
146.879
146.898
147.627
147.788
148.108
149.54
149.642
149.643
149.661
150.667
150.677
151.045
151.075
151.077
151.238
151.31
151.566
151.6
151.623
152.041
152.584
152.661
152.662
153.189
153.19
153.191
153.271
153.273
153.273
153.273
153.354
153.354
153.354
153.397
153.607
153.884
153.947
153.947
154.057
154.147
154.625
155.202
155.204
155.266
155.546
156.001
156.293
156.299
156.468
156.528
156.529
156.653
157.944
157.989
157.991
158.13
158.131
158.261
158.761
158.811
159.108
159.255
159.501
159.596
159.84
159.96
159.963
159.965
160.293
160.375
160.491
160.492
160.616
160.619
160.622
160.673
160.675
160.95
161.014
161.05
161.292
161.309
161.568
161.759
161.841
161.964
162.028
162.138
162.171
162.172
162.176
162.203
162.421
162.421
162.421
162.447
162.449
162.815
162.839
163.274
164.168
164.169
164.93
165.122
165.126
165.127
165.129
165.13
165.132
165.183
165.355
165.519
165.615
166.428
166.692
166.692
166.693
167.086
167.571
167.84
168.356
168.474
168.496
168.621
169.049
169.088
169.135
169.136
169.593
170.889
171.115
171.128
171.409
172.315
172.745
172.748
172.752
172.803
172.83
173.258
173.644
173.778
173.779
174.001
174.003
174.082
174.211
174.4
175.306
175.47
175.479
175.479
175.738
175.74
175.791
175.941
176.776
176.826
177.171
177.328
177.349
177.4
177.437
177.442
177.586
178.105
178.322
178.398
178.458
178.725
178.975
178.976
179.266
179.879
179.929
180.053
180.07
180.073
180.074
180.389
180.392
180.44
180.477
180.504
180.648
180.746
180.87
180.995
181.543
181.779
181.79
181.791
182.513
182.594
182.602
182.602
182.94
182.956
184.545
185.485
186.961
187.11
187.115
187.115
187.599
187.753
188.51
188.56
188.864
189.261
189.286
190.111
190.299
190.386
192.359
192.477
192.491
192.52
192.985
192.985
193.194
193.194
193.231
193.232
193.25
193.26
193.55
193.575
193.685
194.188
194.429
194.513
194.572
194.573
195.03
196.569
196.695
196.731
196.886
197.066
197.072
197.493
197.498
197.624
199.205
199.205
199.442
200.013
200.547
200.621
200.623
200.734
200.884
201.871
201.871
202.119
202.24
202.292
202.888
203.074
203.075
203.076
203.093
203.217
203.217
203.346
203.395
203.396
203.401
203.435
203.455
204
204.064
204.065
204.102
204.105
204.167
204.208
204.3
204.329
204.337
204.356
204.359
204.481
204.565
204.566
204.569
205.003
205.146
205.147
205.313
205.483
205.663
206.188
207.088
207.178
207.232
207.672
207.821
207.841
207.869
207.924
209.019
209.02
209.209
210.01
210.297
210.325
210.361
210.363
210.459
210.46
210.564
210.604
210.655
211.203
211.255
211.257
211.353
211.617
211.624
211.64
211.675
212.241
212.461
212.463
212.485
212.563
212.685
212.75
212.751
212.752
212.793
212.795
212.935
213.129
213.502
213.542
213.848
213.851
213.89
214.185
214.357
214.518
214.571
214.648
214.74
214.968
215.009
215.118
215.121
215.248
215.254
216.629
216.753
217.31
217.595
217.638
217.65
219.14
219.26
220.236
220.816
220.823
220.987
220.989
221.083
221.084
221.087
221.318
221.394
221.397
221.491
221.491
221.613
221.629
221.692
222.009
222.009
222.019
222.021
222.431
222.481
222.622
222.622
222.863
223.179
223.195
223.33
223.332
223.462
223.724
223.8
223.804
223.824
224.041
224.269
224.341
224.605
224.611
224.741
225.141
225.172
225.172
225.173
225.173
225.255
225.621
226.044
226.448
226.773
226.835
226.872
227.491
227.718
227.924
227.966
227.967
228.024
228.189
228.189
228.444
228.455
228.457
228.457
228.77
228.786
228.807
228.81
228.811
229.249
229.249
229.263
229.663
229.663
229.664
229.756
230.274
230.303
230.373
230.964
231.057
231.099
231.172
231.442
231.564
231.585
231.657
231.678
231.797
232.506
232.718
233.07
233.373
233.412
234.382
234.522
234.632
234.895
234.92
235.503
236.007
236.434
236.814
237.153
237.73
237.736
238.289
238.318
239.216
239.225
239.232
239.367
239.596
239.658
239.909
239.911
239.915
239.993
240.157
240.385
240.386
240.546
240.599
240.68
241.034
241.375
241.549
241.584
241.686
241.71
241.841
241.846
242.448
242.45
242.452
242.452
242.856
243.152
243.24
243.241
243.865
243.866
243.868
243.87
243.902
244.005
244.129
244.208
244.324
244.82
244.847
244.945
245.213
245.268
245.603
245.872
245.981
246.369
246.493
246.65
246.699
247.04
247.041
247.041
247.058
247.255
247.255
247.477
247.478
248.13
248.137
248.277
248.492
248.493
248.593
248.654
248.844
248.938
249.209
249.439
249.439
249.855
249.872
249.977
250.083
250.085
250.09
250.192
250.193
250.21
250.531
250.534
250.739
251.295
251.353
251.541
251.605
251.634
252.255
252.317
252.387
252.387
252.388
252.593
252.863
252.978
253.135
253.135
253.268
253.36
253.367
253.424
253.499
253.652
253.667
254.189
254.248
254.332
254.454
254.941
254.969
255.158
255.207
255.967
256.05
256.238
256.645
257.188
257.308
257.308
257.769
257.98
259.026
259.292
259.661
259.672
259.819
260.439
260.518
260.991
260.991
260.993
261.116
261.118
261.118
261.54
261.937
261.938
262.812
262.909
264.385
264.631
264.631
264.832
264.979
264.98
265.166
265.374
265.374
265.398
265.482
266.545
266.578
266.583
266.704
267.416
267.419
267.642
267.867
267.867
268.094
268.209
268.502
268.583
268.807
268.809
268.815
268.821
268.907
269.131
269.392
269.481
269.539
269.71
269.764
269.927
270.246
271.049
271.146
271.302
271.414
271.428
271.749
272.459
272.529
272.683
272.697
273.419
273.421
273.424
273.911
274.071
274.286
274.298
274.521
274.627
274.702
274.822
275.12
275.38
275.387
275.414
275.775
275.776
276.571
276.656
277.009
277.017
277.022
277.04
277.06
277.112
277.139
277.518
278.136
278.189
278.216
278.219
278.343
278.345
278.347
278.37
278.443
278.447
278.642
278.642
278.693
278.79
279.146
279.178
279.564
279.753
279.754
279.878
280.18
280.386
280.84
280.85
280.869
281.041
281.064
281.183
281.265
281.719
282.171
282.333
282.333
282.641
282.642
282.74
282.784
283.375
283.569
283.574
283.623
283.706
283.956
284.047
284.496
284.521
284.524
284.791
284.818
285.136
285.293
285.449
285.835
286.121
286.743
286.743
287.087
287.101
287.204
287.683
287.911
288.188
288.273
288.306
288.526
288.728
289.323
289.414
289.583
290.375
290.377
290.414
290.845
290.992
293.614
293.707
293.708
293.725
293.785
294.102
294.144
294.599
294.788
295.824
295.825
296.053
296.067
296.906
296.907
297.09
297.623
297.888
297.889
298.486
300.278
300.28
300.386
300.386
300.388
300.389
300.391
300.433
300.678
302.209
302.239
302.244
302.246
302.414
302.415
302.418
302.418
302.882
302.902
302.931
302.933
303.088
303.131
303.228
303.229
303.235
303.463
303.464
303.765
303.773
304.562
304.596
304.738
304.874
305.132
305.133
305.138
305.212
305.374
305.495
305.928
305.932
305.935
305.943
305.948
306.252
306.467
306.538
306.624
306.643
307.077
307.11
307.124
307.23
307.371
307.612
308.305
308.34
308.615
308.643
308.703
308.703
308.854
308.857
308.937
309.205
309.495
309.553
309.868
310.034
310.093
310.649
310.67
310.684
310.812
311.087
311.413
311.414
312.025
312.106
312.243
312.464
312.603
312.615
312.704
312.782
312.782
312.853
312.863
312.863
313.363
313.421
313.688
313.69
314.133
314.245
314.451
314.529
314.961
314.979
315.703
316.005
316.053
316.056
316.2
316.309
316.598
316.618
316.849
316.849
316.904
316.908
316.984
317.185
317.75
317.855
317.875
318.175
318.29
318.551
318.553
318.636
318.744
319.294
319.295
319.594
319.612
319.714
319.752
319.754
319.778
319.827
320.131
320.188
320.194
320.196
320.88
320.881
320.929
320.964
321.901
321.923
322.155
322.583
322.585
323.471
323.938
324.23
324.435
325.084
325.171
325.265
325.461
325.623
325.866
325.868
326.161
326.183
326.246
326.498
326.689
326.967
327.117
327.43
327.57
327.613
328.028
328.412
328.46
328.706
328.707
328.707
329.079
329.473
329.756
329.756
330.186
330.282
330.397
330.403
330.521
330.522
330.544
330.642
330.642
330.642
331.079
331.472
331.707
331.784
332.56
332.615
332.649
332.756
333.3
333.689
334.578
334.633
335.045
335.338
335.338
335.55
335.874
336.283
336.287
336.287
336.306
336.339
336.522
336.851
336.954
337.243
337.736
337.785
337.825
337.985
337.986
338.354
338.593
338.808
339.385
339.978
339.978
340.128
340.163
340.593
340.619
340.864
341.064
341.448
341.667
341.712
341.814
341.816
341.876
342.14
342.365
342.552
342.933
342.934
343.811
343.902
343.956
343.991
344.353
344.416
344.468
344.678
344.872
345.192
345.871
346.689
346.873
346.923
347.014
347.017
347.136
347.138
347.139
347.167
347.408
347.796
347.937
347.945
348.062
348.094
348.128
348.304
348.35
348.466
348.469
348.488
348.491
348.721
349.455
349.611
349.738
349.847
350.271
350.281
350.292
350.297
350.322
350.474
350.558
350.715
350.855
351.112
351.165
351.192
352.202
352.428
352.6
352.604
352.68
352.717
353.274
353.296
353.298
353.328
353.33
353.557
354.59
354.704
354.775
354.775
354.874
354.874
354.875
355.18
355.279
355.943
356.719
357.34
357.549
357.554
357.556
357.661
359.388
359.388
360.024
360.029
360.102
360.676
360.826
361.265
361.502
362.384
362.46
362.484
362.51
362.547
362.687
362.768
362.869
362.884
365.019
366.172
366.735
366.885
366.889
367.227
367.314
367.315
367.315
367.315
367.315
367.379
367.654
367.921
368.072
368.083
368.263
368.304
368.973
369.575
369.577
369.588
369.588
369.604
369.606
370.132
370.133
370.586
372.998
373.326
373.34
373.353
374.247
374.853
375.81
375.81
376.161
376.27
376.273
376.392
376.393
376.561
376.662
377.173
377.258
377.796
377.947
377.98
378.286
378.602
378.603
378.605
378.687
378.853
378.866
378.912
378.966
379.117
379.53
379.708
379.71
379.718
379.793
379.931
380.181
380.918
381.238
381.393
381.861
382.293
382.293
382.773
382.95
383.025
383.025
383.027
383.168
383.196
383.512
383.574
383.85
383.886
383.928
383.94
384.232
384.258
385.183
385.401
385.879
386.148
386.149
386.149
386.151
386.568
386.606
386.937
387.009
387.02
387.022
387.337
387.337
387.337
387.337
387.539
387.879
388.156
389.013
389.453
389.935
389.935
390.016
390.341
390.661
390.917
391.089
391.089
391.26
391.355
391.36
391.36
391.362
391.594
391.594
391.646
391.765
391.796
392.089
392.175
392.175
392.203
392.22
392.482
392.483
392.717
392.848
393.023
393.025
393.192
393.194
393.402
393.644
393.644
393.901
394.246
394.247
394.268
394.457
394.748
394.749
394.813
394.869
395.149
396.032
396.218
396.321
396.365
396.37
396.381
396.881
397.086
398.029
398.231
398.349
398.417
398.797
398.798
398.932
398.933
399.038
399.189
399.201
399.657
399.995
399.995
400.126
400.487
400.489
400.703
400.97
400.972
401.084
401.117
401.3
401.387
401.896
402.427
402.472
402.626
402.66
402.787
403.169
403.453
404.183
404.342
404.552
405.128
405.231
405.234
405.36
405.362
405.417
405.534
405.678
405.798
405.831
405.922
406.07
406.167
406.452
406.786
407.482
407.621
407.715
407.715
407.779
407.796
407.922
408.014
408.015
408.041
408.318
408.381
408.977
408.99
409.249
409.521
409.819
410.261
410.294
410.348
410.388
410.771
410.914
411.028
411.12
411.209
411.212
411.348
411.536
411.814
411.815
412.693
412.694
413.202
413.231
413.413
413.435
413.437
413.439
413.439
414.009
414.014
414.054
414.169
414.171
414.24
414.541
414.62
414.637
414.68
414.948
414.95
415.348
415.349
415.352
415.435
415.583
415.666
415.852
416.502
416.503
416.908
417.298
418.156
418.307
419.82
420.033
420.736
420.743
420.968
421.002
421.152
421.152
421.337
421.741
421.743
422.001
422.04
422.392
422.449
422.554
422.602
422.766
422.784
422.785
422.816
423.045
423.046
423.878
424.129
424.312
424.904
425.493
425.596
425.715
425.715
425.764
425.879
426.044
426.131
426.148
426.944
426.947
427.015
427.091
427.709
427.92
428.434
428.437
428.534
428.576
428.647
429.021
429.057
429.072
429.104
429.271
429.334
429.455
429.456
429.691
429.739
429.746
429.754
429.799
430.048
430.86
430.861
431.439
431.441
431.531
431.541
431.676
431.679
432.291
432.468
432.544
432.997
433.076
433.146
433.25
433.252
433.428
434.722
435.005
435.326
435.936
436.023
436.023
436.025
436.341
436.449
436.488
436.527
436.742
436.943
437.428
437.476
437.483
437.518
438.944
438.946
439.045
439.843
439.843
440.452
441.497
441.567
441.924
441.924
442.366
442.38
442.584
442.586
442.593
442.624
442.706
442.706
442.759
442.958
443.714
444.001
444.007
444.013
444.82
444.821
445.09
445.111
445.217
445.246
445.325
445.333
445.392
445.554
445.824
446.114
446.173
446.29
446.843
446.929
447.309
447.43
448.212
448.576
448.685
448.793
448.794
448.921
448.98
448.982
449.422
449.423
449.746
449.749
449.799
449.857
450.28
451.371
451.547
451.562
451.629
451.689
451.734
451.879
452.07
452.665
452.845
453.41
453.74
453.741
453.935
455.852
456.355
456.358
456.466
456.891
456.926
457.271
457.338
457.338
457.348
457.626
458.085
458.085
458.166
458.224
458.727
458.824
458.924
458.989
458.994
459.051
459.157
459.157
459.272
459.385
459.482
459.504
459.544
459.656
459.716
459.99
461.425
461.576
461.602
461.766
462.135
463.095
463.461
464.144
464.144
464.186
464.594
464.829
464.862
465.16
465.206
465.208
465.258
465.32
465.353
465.561
466.189
466.918
467.033
467.573
467.692
467.718
467.886
468.201
468.306
468.307
468.359
468.86
468.891
468.969
469.032
469.09
469.259
469.587
470.025
470.333
470.335
470.393
470.791
470.801
470.893
470.895
470.972
470.976
470.988
471.103
471.581
471.671
471.698
471.717
471.751
471.752
471.776
471.799
471.836
471.925
472.006
472.29
472.826
473.062
473.228
473.229
473.229
473.262
473.6
473.787
473.858
473.859
473.86
473.884
474.066
474.104
474.219
474.221
475.803
475.804
475.804
475.82
475.82
475.85
476.492
476.817
476.901
476.903
476.98
477.078
477.082
477.276
477.354
477.354
477.358
477.974
479.144
479.313
479.354
479.874
479.897
479.982
480.186
480.361
480.428
480.43
480.437
480.669
481.511
482.048
482.382
482.541
482.85
483.108
483.263
483.263
483.512
483.627
483.82
484.132
484.136
484.137
484.157
484.502
485.41
485.47
485.482
485.62
485.726
485.965
485.967
486.506
486.597
486.627
486.852
486.852
487.35
487.954
488.066
488.184
488.575
489.574
489.657
489.657
489.662
489.954
490.367
490.412
490.569
491.087
491.088
491.09
491.09
491.093
491.182
491.306
491.707
492.441
492.569
492.938
493.747
493.978
494.008
494.12
494.12
494.122
494.166
494.215
494.302
494.317
494.565
494.705
494.708
494.818
494.845
494.846
495.085
495.199
495.434
495.48
495.899
496.404
496.893
497.059
497.066
497.08
497.573
498.281
498.281
498.302
498.305
498.743
498.798
499.598
499.72
500.283
501.629
501.63
501.63
501.855
501.864
501.883
501.884
502.228
502.431
502.566
502.695
502.865
502.935
503.018
503.317
504.159
504.37
504.672
504.674
504.68
504.75
504.752
504.786
505.011
505.467
505.591
505.719
505.722
505.913
505.924
505.925
506.132
506.166
506.336
506.458
506.472
506.498
506.595
506.971
506.971
506.977
507.352
507.358
507.576
507.939
507.941
508.284
508.286
508.315
508.37
508.454
510.084
510.422
510.563
510.563
510.605
511.072
511.63
511.712
512.358
513.022
513.16
513.164
513.242
513.29
513.408
514.108
514.561
514.715
514.886
515.155
515.158
515.512
515.639
515.642
515.751
515.986
515.987
516.338
516.339
516.448
516.607
516.608
516.772
516.857
516.957
517.077
517.155
517.227
517.228
517.334
517.392
517.415
517.592
517.8
517.826
517.927
518.071
518.226
518.227
518.228
518.48
518.853
518.923
518.935
518.978
519.705
519.842
519.868
519.883
520.583
520.583
520.815
520.947
520.949
520.956
521.174
522.157
522.158
522.179
522.374
522.704
522.706
522.886
522.886
522.89
523.137
523.529
523.529
524.041
524.076
524.353
524.538
524.539
524.601
524.618
524.62
524.638
524.88
524.882
525.459
525.46
525.561
525.572
525.575
526.14
526.168
526.169
526.264
526.325
526.327
526.327
526.348
527.129
527.234
527.234
527.242
527.288
527.821
527.873
527.874
528.082
528.085
528.121
528.93
528.93
529.059
529.086
529.087
529.087
529.09
529.251
529.327
529.345
529.37
529.385
529.746
529.746
529.747
530.139
530.209
530.595
530.596
530.669
530.912
531.135
531.181
532.184
532.816
532.821
532.854
533.06
533.074
533.22
533.273
533.525
533.638
533.703
533.704
533.755
533.961
533.987
534.049
534.107
534.149
534.305
534.364
534.411
534.412
534.49
534.512
535.069
535.444
535.444
535.746
535.908
535.978
535.994
536.017
536.109
536.159
536.524
536.524
536.762
536.765
536.818
536.819
536.822
536.823
536.823
536.823
537.101
537.17
537.318
537.43
537.516
537.555
537.556
538.621
539.006
539.008
539.024
539.168
539.295
539.297
540.991
541.304
541.868
542.382
542.417
542.417
542.496
543.055
543.059
543.099
543.368
543.368
543.369
543.531
543.542
543.738
543.738
543.741
543.758
544.009
544.396
544.842
544.842
545.129
545.13
545.178
545.215
545.291
545.48
545.591
545.639
545.64
545.709
545.71
545.711
545.712
545.871
546.087
546.228
547.567
547.729
547.795
547.925
548.174
548.174
548.254
548.258
548.282
548.749
548.749
548.769
549.191
549.427
549.489
549.68
549.688
549.702
549.729
549.762
550.647
550.721
550.801
550.82
551.125
551.126
552.259
552.491
552.553
553.488
553.655
553.688
553.688
553.72
554.475
554.477
555.033
555.033
555.035
555.241
555.274
555.274
555.326
555.392
555.395
555.399
555.558
556.041
556.136
556.188
556.356
556.356
556.52
556.52
556.634
556.695
556.696
556.717
556.791
556.898
556.901
557.537
558.091
558.884
559.174
559.316
560.305
560.401
560.685
560.693
561.001
561.002
561.109
561.296
562.71
563.309
563.359
563.72
563.923
563.923
563.995
564.087
564.16
564.222
564.233
564.239
564.239
564.426
564.427
564.68
564.888
564.892
564.917
564.976
564.993
565.59
565.779
565.781
565.792
565.959
566.449
566.45
566.995
567.064
567.614
567.628
567.628
567.821
567.849
567.85
567.901
567.96
568.022
568.063
568.283
568.58
568.582
568.868
568.912
570.184
570.187
570.371
570.454
570.738
570.74
570.826
570.895
571.129
571.309
571.396
571.521
571.523
571.552
571.688
572.41
572.41
572.41
572.411
572.412
572.606
572.606
572.646
572.798
572.848
575.138
575.139
575.15
575.281
575.413
575.414
575.494
575.567
576.277
576.369
576.809
576.81
576.927
577.636
577.643
577.675
577.689
577.829
577.83
577.83
577.831
578.072
578.073
578.079
578.079
578.08
578.159
578.32
578.469
578.621
578.683
578.688
578.69
578.691
578.762
578.763
578.767
579.11
579.154
579.155
579.157
579.353
579.629
579.631
579.746
579.867
579.934
579.937
580.084
580.31
580.444
580.668
580.851
581.002
581.02
581.053
581.206
581.378
581.461
581.463
581.572
581.573
581.577
582.194
582.355
582.646
582.914
582.984
583.067
583.074
583.09
583.305
583.488
583.587
583.595
583.632
583.633
583.77
584.451
584.68
585.386
585.869
585.9
586.039
586.043
586.084
586.087
586.822
586.962
586.963
586.963
587.589
587.619
588.021
588.318
588.32
588.748
588.901
588.961
589.018
589.226
589.229
589.425
589.428
589.43
589.435
590.284
590.781
591.094
591.703
592.498
592.639
593.268
593.326
593.398
593.617
593.7
593.721
593.905
594.484
594.793
594.937
595.092
595.261
595.594
595.594
595.606
595.686
595.824
595.825
595.879
595.916
596.082
596.086
596.103
596.258
596.258
596.259
596.267
596.36
596.36
596.65
596.987
596.995
597.089
597.281
597.298
597.536
598.014
598.018
598.044
598.172
598.179
598.18
598.284
598.284
598.628
598.644
599.368
599.369
599.37
599.481
599.553
599.732
599.875
599.98
600.019
600.072
600.111
600.294
600.295
601.099
601.237
601.266
601.269
601.36
602.506
602.746
602.753
602.782
603.116
603.146
603.321
603.66
603.845
604.122
604.124
604.167
604.19
604.191
604.281
604.438
604.571
604.796
604.798
604.798
605.28
605.609
605.646
605.685
606.217
606.827
606.908
606.909
607.498
607.586
607.657
607.658
607.712
607.713
607.926
608.071
608.462
608.654
609.3
609.3
609.729
610.716
611.341
611.662
611.733
611.965
611.982
612.506
613.018
613.134
613.17
613.171
613.535
613.734
613.735
614.195
615.111
615.158
615.163
615.252
615.253
615.316
615.552
615.585
616.841
616.849
616.976
617.171
617.185
617.209
617.873
617.9
618.15
619.008
619.069
619.121
619.122
619.899
619.927
620.142
620.142
620.145
620.398
620.581
620.784
620.842
620.963
621.281
621.339
621.383
621.476
621.493
622.43
622.61
622.663
622.708
622.819
622.831
622.833
622.965
623.28
623.314
623.316
623.319
623.785
624.086
624.684
624.744
624.781
625.059
625.365
625.747
625.753
625.841
625.841
625.892
626.18
626.183
626.305
626.31
626.311
626.386
626.813
626.831
626.99
627.025
627.432
627.831
628.196
628.253
628.49
628.592
628.766
628.772
628.83
628.969
629.101
629.388
629.399
629.4
629.584
629.697
629.7
629.872
629.891
629.895
629.988
630.259
630.494
630.533
631.006
631.182
631.188
631.426
631.596
631.863
631.958
631.958
632.067
632.093
632.095
632.102
632.635
632.636
632.636
633.513
633.873
633.906
633.906
633.971
634.309
634.458
635.158
635.161
635.179
635.246
635.255
635.28
635.29
635.291
636.324
636.368
636.373
636.373
636.376
636.449
636.449
636.449
636.563
636.858
636.944
636.945
637.07
637.166
637.193
637.416
637.844
637.995
638.104
638.151
638.379
638.423
638.976
638.976
638.976
638.976
638.978
639.037
639.15
639.393
639.417
639.544
639.656
639.849
640.321
640.321
640.33
640.707
640.931
640.932
641.132
641.136
641.323
641.56
641.633
641.636
641.69
642.009
642.32
642.32
642.578
642.619
642.62
642.863
643.834
643.834
643.953
644.366
644.52
644.522
644.648
644.732
644.964
644.965
645.17
645.257
646
646.985
647.146
647.147
647.699
648.186
648.301
648.591
648.657
648.805
648.863
649.151
649.622
649.626
650.391
650.394
650.834
651.015
651.018
651.763
651.967
652.072
652.154
652.235
652.996
653.122
653.125
653.126
653.126
653.127
653.881
654.171
654.176
654.189
654.189
654.975
654.989
654.989
654.991
655.021
655.205
655.335
655.701
656.141
656.16
656.335
656.51
657.276
657.343
657.587
657.637
657.748
657.976
658.022
658.027
659.009
659.071
659.107
659.125
659.176
659.691
659.733
659.735
659.882
659.885
660.708
660.853
660.97
661.336
661.448
661.582
661.807
661.885
662.084
662.149
662.171
662.179
662.329
662.33
662.628
662.672
662.715
663.093
663.097
663.169
663.702
665.214
665.546
665.631
665.687
665.708
665.716
665.725
665.756
665.78
665.825
665.856
665.856
665.858
665.859
665.859
665.883
666.072
666.815
666.893
666.895
666.896
666.897
667.094
667.195
667.196
667.196
667.239
667.348
667.351
667.485
667.569
668.165
668.192
668.52
669.048
669.121
669.371
669.379
669.388
669.758
669.846
669.916
670.336
670.341
670.553
671.101
671.188
671.91
671.923
671.979
672.397
672.398
672.398
672.42
672.474
672.771
673.191
674.197
674.197
674.446
674.602
674.661
674.661
674.759
674.763
674.784
675.901
675.902
675.973
676.005
676.467
676.926
677.071
677.32
677.609
677.609
677.9
678.061
678.062
678.074
678.209
678.236
678.237
678.348
678.35
678.579
678.706
678.726
678.749
678.75
678.802
678.859
678.87
678.898
679.775
679.989
680.067
680.168
680.546
681.211
681.402
681.403
681.563
681.706
681.878
681.896
681.947
681.997
682.28
682.281
682.369
682.412
682.497
682.54
682.632
682.867
682.967
682.967
682.97
683.019
683.203
683.211
683.519
683.87
684.151
684.232
684.32
684.653
685.004
685.637
685.637
685.759
685.763
685.765
685.969
686.212
686.213
686.356
686.711
687.239
687.248
687.335
687.584
687.89
687.964
687.965
688.341
688.418
688.548
688.561
688.562
688.65
688.822
689.104
689.341
689.341
690.108
691.199
691.325
691.599
691.601
691.744
691.746
691.801
691.972
691.994
692.251
692.282
692.329
692.382
692.382
692.382
692.382
692.468
692.551
692.694
692.851
692.857
692.858
692.871
693.293
693.343
693.547
693.584
693.632
693.933
694.067
694.34
694.342
694.344
694.491
694.624
694.918
695.077
695.078
695.256
695.583
695.672
695.674
695.713
695.715
695.715
695.812
696.263
696.29
696.352
696.356
696.356
696.436
696.774
696.958
696.958
696.987
697.2
697.201
697.211
697.219
697.612
698.104
698.155
698.26
698.436
698.477
698.722
699.233
699.543
699.544
700.434
700.829
701.021
701.042
701.043
701.139
701.141
701.179
701.179
701.394
701.555
701.692
701.927
702.059
702.154
702.154
702.254
702.863
703.299
703.7
703.851
704.328
704.33
704.351
704.639
704.694
704.937
705.161
705.381
705.382
705.448
705.533
705.665
705.753
705.798
705.948
706.111
706.208
706.256
706.305
706.405
706.434
706.536
706.66
707.177
707.262
707.294
707.378
707.937
707.965
708.041
708.066
708.414
708.415
710.145
710.519
710.522
711.159
711.199
711.494
711.606
711.607
711.668
711.778
711.983
711.985
712.048
712.272
712.58
712.63
712.747
712.878
713.13
713.157
713.22
713.221
713.435
713.735
713.753
714.041
714.203
714.405
714.406
715.152
715.657
715.686
715.941
715.964
716.037
716.046
716.151
716.356
716.382
716.432
716.432
717.229
717.793
717.901
718.16
718.268
718.558
718.56
718.604
718.641
719.035
719.035
719.083
719.148
719.231
720.009
720.318
720.721
720.815
720.849
721.01
721.084
721.914
721.923
722.054
722.056
722.727
723.388
723.402
723.447
723.917
724.174
724.19
724.529
724.631
724.632
724.634
724.751
724.831
725.081
725.244
725.247
725.327
725.33
725.483
725.486
725.823
725.824
725.935
725.959
727.133
727.185
727.186
727.267
727.267
727.272
727.325
727.326
727.354
727.356
727.622
727.665
727.887
727.931
727.931
728.488
729.086
729.437
729.44
729.808
730.689
730.691
730.753
730.874
731.678
731.689
731.692
731.713
732.63
732.643
732.674
732.686
732.922
733.275
733.277
733.43
734.668
734.711
734.722
734.783
735.156
735.157
735.279
735.475
735.695
735.885
735.902
736.398
738.067
739.016
739.698
739.701
739.782
740.021
740.198
740.199
740.241
740.329
740.986
740.986
741.155
741.157
741.269
741.432
741.432
741.617
741.619
741.766
741.881
741.885
741.885
741.977
742.511
742.691
743.58
743.978
743.978
744.188
744.23
744.231
744.35
744.399
744.4
744.637
744.681
744.866
744.993
745.054
745.054
745.08
745.359
745.752
745.801
745.81
745.842
745.854
745.855
746.353
746.354
746.355
746.464
746.467
746.604
746.668
747.013
747.675
747.722
747.745
747.94
748.104
748.189
748.289
748.29
748.585
748.639
748.802
749.329
749.33
749.525
749.527
749.79
749.791
750.425
750.426
750.718
751.63
751.645
751.726
751.795
751.796
751.797
753.067
753.466
754.26
755.078
755.087
755.608
755.971
757.158
757.161
757.733
757.85
758.012
758.06
758.117
758.155
758.155
758.249
758.489
758.49
758.597
758.699
758.791
758.842
759.05
759.05
759.052
759.057
759.091
759.116
759.308
759.317
759.407
759.549
759.549
759.954
759.979
760.098
760.098
760.117
760.129
760.261
760.313
760.42
760.465
761.134
761.293
761.294
762.968
763.14
763.214
763.226
763.244
763.331
763.84
764.055
764.062
764.594
764.629
764.992
765.034
765.456
765.457
765.46
765.678
766.206
766.306
766.822
766.922
766.926
767.041
767.222
767.409
767.81
767.816
767.901
768.207
768.336
768.391
768.57
768.621
769.506
769.511
769.626
770.106
770.224
770.501
771.538
772.518
772.525
772.585
772.586
772.618
772.657
772.883
773.422
774.345
774.44
775.567
775.685
775.816
777.771
777.774
777.96
777.981
778.203
778.302
779.06
779.092
779.124
779.216
779.383
779.467
779.467
779.711
779.75
779.786
779.892
780.471
780.496
780.566
780.568
780.783
780.842
780.899
780.975
780.976
780.983
781.074
781.084
781.125
781.203
781.261
781.348
781.359
781.376
781.481
781.63
782.335
782.419
782.529
782.546
782.628
782.656
782.721
782.724
782.862
782.988
783.002
783.144
783.184
783.344
783.486
783.896
784.102
784.111
784.111
784.948
784.949
784.966
784.967
785.287
785.726
785.726
785.79
785.791
785.98
786.303
786.53
786.701
786.701
786.726
786.728
786.733
786.995
787.185
787.2
787.277
788.181
788.182
788.188
788.324
788.398
788.496
788.666
788.955
789.326
789.534
789.659
789.683
789.829
789.858
789.949
790.161
790.225
790.47
790.7
790.752
791.456
792.165
792.444
792.764
792.812
792.898
792.966
792.97
792.972
792.973
793.04
793.226
793.494
793.497
793.511
795.738
798
798.46
798.521
798.783
798.88
799.456
800.016
800.152
800.418
800.473
800.475
800.501
800.646
801.069
801.278
801.401
801.597
801.896
802.03
802.296
802.496
802.497
802.502
802.579
802.894
802.895
802.989
803.059
803.163
803.196
803.197
803.578
803.581
803.916
803.927
804.214
804.506
804.58
804.584
805.669
805.834
805.835
805.86
805.881
806.361
806.954
806.957
807.002
807.156
807.426
807.841
808.012
808.013
808.331
808.352
808.563
808.62
808.933
809.36
809.571
809.573
809.573
809.62
809.621
809.765
809.908
809.924
809.936
809.979
810.133
810.136
810.148
810.795
810.799
810.909
810.961
811.085
811.408
811.55
811.71
811.869
812.084
812.087
812.463
812.821
812.919
813.097
813.097
813.39
813.392
813.583
813.583
813.674
813.675
813.749
813.839
813.999
814.318
814.398
814.501
814.506
814.509
814.513
814.633
814.637
814.638
814.715
814.742
814.749
814.813
815.209
815.236
815.53
815.542
815.545
815.569
815.59
815.833
815.989
815.99
815.99
816.114
816.122
816.231
816.33
816.331
816.367
816.405
817.259
817.343
817.343
817.849
817.904
818.118
818.43
818.441
818.629
818.633
820.072
820.536
820.614
820.822
821.068
821.215
821.308
821.323
821.539
821.741
821.741
821.832
822.482
822.502
822.609
822.707
822.73
822.842
823.289
823.89
823.908
823.961
824.589
824.69
824.696
825.096
825.439
825.439
825.468
825.513
825.522
825.646
825.651
825.651
825.686
826.306
826.307
826.309
826.491
826.733
826.837
826.916
827.788
828.477
828.717
828.9
828.963
828.977
828.977
829.289
830.066
830.141
830.142
830.427
830.588
830.731
830.894
832.139
832.658
832.673
832.973
832.977
833.16
833.445
833.449
833.466
833.494
833.767
833.785
833.992
833.993
834.818
835.188
835.259
835.538
835.855
836.013
836.213
836.386
836.386
836.387
836.915
837.088
837.663
837.845
837.847
837.898
837.967
838.076
838.28
838.364
838.731
838.732
838.733
838.837
838.963
839.072
839.13
839.137
839.164
839.174
839.247
839.247
839.249
839.25
839.444
839.449
839.556
839.686
839.876
840.688
840.96
842.133
842.463
842.464
842.505
842.509
843.228
843.533
843.534
843.749
843.757
843.842
843.842
843.951
843.952
843.957
843.957
844.045
844.184
844.223
844.337
844.337
844.579
844.649
844.672
845.109
845.285
845.286
845.433
845.829
846.118
846.562
846.655
846.656
846.765
846.796
847.327
848.759
848.967
849.433
849.635
849.95
849.99
849.992
850.03
850.114
850.218
850.22
850.402
850.581
850.582
850.777
850.958
850.968
850.995
851.021
851.021
851.082
851.085
851.205
851.209
851.453
851.453
851.474
851.582
851.582
851.612
851.613
852.018
852.185
852.368
852.449
852.624
853.189
854.203
854.249
854.52
854.712
854.75
854.782
855.07
855.482
855.785
855.873
855.967
855.99
856.364
857.207
857.61
857.678
857.683
857.898
858.034
858.035
858.939
859.045
859.121
859.353
859.448
859.485
859.617
859.852
859.889
859.913
859.928
859.932
860.057
860.301
860.301
860.312
860.315
860.492
860.493
860.498
860.804
861.203
861.687
861.766
861.985
862.496
862.984
863.224
863.55
863.663
863.85
864.119
864.189
864.333
864.361
864.971
864.98
864.98
865.059
865.1
865.131
865.147
865.418
865.448
865.514
865.632
865.779
865.781
866.286
866.442
866.443
866.517
866.517
866.542
866.544
866.551
866.886
866.974
866.976
866.998
867.02
867.028
867.226
867.508
867.58
867.662
868.004
868.006
868.007
868.041
868.056
868.218
868.266
868.292
868.324
868.498
868.505
868.557
868.728
869.501
870.682
870.803
870.89
871.503
871.852
871.916
872.054
872.205
872.294
872.315
872.38
872.577
873.412
873.413
873.486
873.523
873.542
873.72
873.923
873.944
874.141
874.143
874.144
874.148
874.157
874.3
874.388
875.715
875.976
876.22
876.298
876.299
876.302
876.431
877.229
877.281
878.176
878.464
878.65
878.96
879.046
879.173
879.173
879.173
879.25
879.25
879.253
879.384
879.408
879.861
880.132
880.331
880.331
880.584
880.585
880.585
880.587
880.587
881.089
881.103
881.603
881.606
881.651
881.653
881.862
881.863
881.865
881.865
882.454
882.455
882.458
882.459
882.739
882.909
882.909
883.008
883.06
883.077
883.557
883.557
883.559
883.559
883.904
884.129
884.273
884.274
884.904
885.176
885.178
885.344
885.437
885.478
885.479
886.33
886.597
886.681
886.682
886.713
886.714
886.975
886.98
887.031
887.031
887.034
887.121
887.301
887.598
887.92
888.033
888.078
888.196
888.197
888.253
888.387
888.417
888.489
888.688
888.707
888.707
888.711
888.871
889.375
889.377
889.68
889.681
889.771
890.116
890.431
890.636
890.637
890.639
890.64
890.913
890.939
891.511
891.512
891.66
892.268
892.269
892.274
892.274
892.304
892.518
892.519
892.796
893.121
893.241
893.279
894.326
894.326
894.33
895.191
895.256
895.447
895.57
895.583
895.652
895.654
895.758
896.059
896.23
896.231
896.619
896.621
896.68
897.602
897.604
897.742
898.124
898.292
898.337
898.348
898.886
898.955
898.985
899.105
899.348
900.239
900.24
900.315
900.539
900.641
901.05
901.678
902.175
902.188
902.84
903.128
903.245
903.247
903.254
903.591
903.667
903.668
903.842
903.926
903.992
903.995
903.995
904.099
904.17
905.064
905.444
905.595
905.693
905.693
905.694
905.695
905.695
905.764
905.926
905.942
905.993
906.936
906.937
906.985
906.988
907.593
907.682
908.065
908.065
908.514
908.626
908.668
908.669
908.907
908.959
908.96
909.266
909.375
909.378
909.379
909.823
910.147
910.196
910.355
911.114
911.14
911.181
911.269
911.489
911.554
911.621
911.796
911.797
912.227
912.273
912.283
912.284
912.408
912.601
912.601
912.601
912.748
912.748
912.748
913.091
913.481
913.481
913.625
913.689
914.213
914.214
914.214
914.458
914.507
914.507
914.713
915.026
915.192
915.736
915.906
915.91
916.229
916.257
916.624
916.631
916.703
916.705
916.773
917.39
917.4
917.404
917.446
917.448
917.449
917.53
917.576
917.687
917.739
917.773
917.802
917.803
917.822
917.823
917.823
917.899
918.076
918.155
918.268
918.269
918.471
918.472
918.855
919.228
919.524
919.806
919.848
919.912
919.933
919.933
920.438
920.45
920.593
920.594
920.597
920.709
920.747
920.801
920.842
921.239
921.278
921.29
921.592
921.603
922.243
922.27
922.356
922.659
922.806
922.832
922.957
923.145
923.195
923.218
923.302
923.303
923.304
923.304
923.411
923.461
923.475
923.475
923.74
923.782
923.901
923.912
923.96
924.141
924.176
924.779
924.903
924.957
925.162
925.387
925.4
925.632
926.452
926.797
926.87
926.87
926.87
926.872
926.988
926.988
927.1
927.503
927.522
927.557
927.687
927.689
927.865
928.284
928.288
928.288
929.057
929.081
929.124
929.836
929.839
930.014
930.26
930.448
930.55
930.683
932.451
932.528
934.242
934.502
934.614
934.818
934.834
934.838
934.844
934.876
935.144
935.162
935.255
935.362
935.362
935.567
935.568
935.81
936.178
936.362
936.389
936.406
936.608
936.608
936.609
936.867
936.868
936.868
937.154
937.155
937.195
937.632
938.391
939.314
939.477
940.458
940.564
940.898
941.063
941.308
941.437
941.452
943.73
943.75
943.75
944.006
944.008
944.009
944.009
944.01
944.023
944.209
944.253
944.272
944.283
944.283
944.374
944.412
944.532
944.721
944.781
944.95
945.163
945.353
945.413
945.692
945.792
945.858
945.986
946.084
946.162
946.162
946.344
946.482
946.544
946.731
946.848
946.951
946.966
946.966
946.971
947.109
947.109
947.655
947.655
947.917
948.108
948.109
948.514
948.764
949.198
949.204
949.462
949.491
950.759
950.762
951.082
951.125
951.2
951.39
951.559
951.56
951.69
951.708
951.927
952.163
952.165
952.36
952.448
952.627
952.944
952.946
953.108
954.645
955.194
955.259
955.26
955.486
955.689
955.694
955.832
955.908
955.962
955.965
956.063
956.135
956.181
956.181
956.182
957.147
957.149
957.438
957.621
958.04
958.427
958.772
959.116
959.116
959.27
959.305
961.322
961.323
961.361
961.45
961.452
961.452
961.715
962.106
962.544
963.157
963.159
963.19
963.583
964.144
964.181
964.241
964.285
964.286
964.287
964.287
964.452
964.666
964.762
964.763
965.165
965.229
965.488
965.513
965.852
965.893
965.893
966.067
966.067
966.067
966.569
966.62
966.655
966.655
966.727
966.816
966.84
967.628
968.296
968.297
968.417
968.443
968.752
968.807
968.808
969.109
969.109
969.563
969.836
970.034
970.138
970.214
970.325
971.146
971.195
971.541
971.628
971.629
971.646
971.647
971.647
971.87
972.055
972.562
972.687
972.687
972.689
972.797
972.858
972.858
973.905
974.063
974.063
974.063
974.403
974.534
975.622
976.308
976.404
976.872
977.018
977.018
977.171
978.16
978.942
978.993
978.997
979.069
979.174
979.807
979.95
982.592
983.304
983.306
983.757
984.08
984.215
984.339
984.42
984.514
984.515
984.547
984.563
984.566
984.636
984.637
985.045
985.415
985.448
985.448
986.021
986.137
986.382
986.546
986.636
986.66
986.751
986.849
986.85
986.922
987.061
987.252
987.257
987.545
987.546
987.547
988.135
988.392
988.553
988.629
988.691
988.722
989.026
989.05
989.279
989.28
989.281
989.682
989.801
990.081
990.366
990.41
990.412
990.527
990.62
991.44
991.444
991.935
991.937
992.773
992.861
992.862
992.869
992.872
992.923
992.924
992.925
993.115
994.2
994.464
994.465
995.385
995.599
995.599
995.601
995.741
995.772
995.99
996.015
996.015
996.055
996.266
996.297
996.297
996.492
996.567
996.86
996.897
997.071
997.118
997.406
997.612
997.797
997.797
997.798
997.884
997.909
997.909
997.998
998.47
998.985
998.994
998.996
999.361
999.55
999.697
999.968
999.972
1000.05
1000.29
1000.38
1000.42
1000.87
1000.94
1001.11
1001.4
1001.5
1001.52
1001.61
1001.93
1002.13
1002.25
1002.25
1002.25
1002.34
1002.41
1002.54
1002.54
1002.55
1002.55
1002.66
1002.86
1002.87
1002.9
1002.9
1005.09
1005.12
1005.15
1005.46
1006.5
1006.85
1007.69
1007.69
1007.73
1008.01
1008.16
1008.19
1008.19
1008.19
1008.21
1008.24
1008.82
1008.82
1009.91
1009.98
1010.34
1010.64
1010.98
1013.06
1013.2
1013.32
1013.45
1014.27
1014.69
1014.72
1014.78
1014.92
1015.08
1015.31
1015.38
1015.5
1015.6
1015.75
1016.21
1016.21
1016.42
1016.44
1016.49
1016.49
1017.59
1017.9
1018.15
1018.4
1018.62
1018.82
1019.68
1020.11
1020.11
1020.12
1020.12
1020.74
1020.75
1020.75
1020.75
1020.88
1020.88
1020.92
1021.05
1022.04
1022.12
1022.15
1022.49
1022.49
1023.11
1023.11
1023.43
1023.43
1024.29
1024.29
1024.3
1024.42
1024.65
1024.66
1024.73
1024.89
1025.22
1025.65
1025.78
1026.28
1026.31
1026.51
1026.51
1026.86
1027.22
1027.72
1027.98
1028.24
1028.29
1028.29
1028.29
1028.34
1028.86
1029.27
1029.27
1029.39
1029.45
1029.69
1029.84
1029.95
1030.16
1030.16
1030.49
1030.49
1030.49
1030.54
1030.55
1030.61
1030.69
1030.69
1030.79
1030.94
1031.03
1031.12
1031.39
1031.39
1031.41
1031.48
1031.48
1031.48
1031.49
1031.96
1032.03
1032.03
1032.17
1032.17
1032.47
1032.71
1033.1
1033.13
1033.15
1033.15
1033.15
1033.15
1033.73
1034.13
1034.49
1034.49
1034.66
1034.67
1034.67
1035.54
1035.88
1036.05
1036.05
1036.23
1036.25
1036.3
1036.37
1036.37
1036.53
1036.64
1037.2
1037.24
1037.24
1037.96
1038.58
1039.22
1039.22
1039.26
1039.26
1039.48
1039.6
1039.6
1039.66
1040.05
1040.05
1040.64
1040.65
1041.12
1041.12
1041.14
1041.34
1041.52
1041.6
1041.7
1042.03
1042.09
1042.36
1042.4
1042.44
1042.68
1043.55
1043.6
1043.79
1044.04
1044.04
1044.25
1044.4
1044.52
1044.79
1044.91
1044.91
1046.03
1046.03
1046.57
1046.67
1046.7
1047
1047
1047.38
1047.61
1047.68
1048.29
1048.68
1048.68
1048.71
1048.73
1048.73
1048.73
1049.09
1049.41
1049.99
1050.01
1050.54
1051.21
1051.21
1051.26
1051.68
1051.68
1051.94
1051.99
1052.01
1052.22
1052.53
1052.53
1052.53
1052.98
1052.98
1053.13
1053.15
1053.4
1053.53
1053.55
1053.83
1054
1054.04
1054.71
1054.76
1054.76
1054.86
1054.92
1055.36
1055.37
1055.37
1055.95
1055.95
1056.27
1056.34
1056.34
1056.56
1056.57
1056.57
1056.75
1056.75
1056.91
1056.97
1057.1
1058.01
1058.53
1058.75
1059.89
1060.18
1060.18
1060.31
1060.79
1061.01
1061.16
1061.7
1061.7
1061.83
1062.52
1062.65
1063.02
1063.03
1063.08
1063.14
1063.51
1063.64
1063.65
1063.77
1063.79
1064.15
1064.75
1064.78
1065.05
1065.1
1065.14
1065.14
1065.16
1065.54
1065.54
1065.54
1065.74
1065.74
1065.77
1065.77
1065.8
1066.16
1066.16
1066.16
1066.41
1066.57
1066.6
1066.86
1066.86
1067.06
1067.13
1067.16
1067.28
1067.44
1067.9
1067.9
1068.26
1068.26
1068.88
1068.99
1069.23
1069.89
1069.91
1070
1070.05
1070.07
1070.09
1070.17
1070.19
1070.22
1070.23
1070.23
1070.23
1070.24
1070.38
1070.39
1070.6
1070.96
1070.99
1070.99
1071
1071
1071.34
1071.39
1071.66
1071.83
1071.97
1072.23
1072.23
1072.56
1072.83
1073.1
1073.1
1073.26
1073.31
1073.32
1073.34
1073.34
1073.57
1074.01
1074.08
1074.09
1074.21
1074.22
1075.51
1075.78
1075.82
1075.82
1075.97
1076.17
1077
1077
1077.61
1077.89
1078.39
1078.62
1078.65
1078.66
1078.82
1079.28
1079.32
1079.59
1079.66
1079.88
1079.96
1080.16
1080.27
1080.48
1080.55
1080.79
1080.88
1080.89
1081
1081.06
1081.46
1081.46
1081.71
1081.91
1081.92
1081.92
1082.02
1082.15
1082.22
1082.5
1082.52
1082.53
1082.54
1082.58
1082.63
1082.8
1082.88
1083.18
1083.43
1083.49
1083.59
1083.62
1083.62
1083.62
1083.94
1084
1084.13
1084.19
1084.32
1084.35
1084.38
1084.43
1084.49
1084.49
1084.61
1084.66
1084.72
1084.72
1084.72
1084.73
1084.73
1084.73
1084.94
1085
1085.12
1085.12
1085.15
1085.21
1085.22
1085.38
1085.38
1085.38
1085.38
1085.58
1085.58
1085.6
1085.7
1085.76
1085.97
1086.81
1087.16
1087.17
1087.37
1087.6
1087.6
1087.67
1087.67
1087.67
1087.86
1089.07
1089.07
1089.38
1089.8
1089.8
1090.06
1090.09
1090.57
1090.61
1090.82
1090.86
1090.87
1090.88
1090.88
1091.46
1091.49
1091.49
1091.5
1091.5
1091.5
1091.51
1091.82
1091.82
1091.82
1091.89
1091.89
1091.96
1091.96
1091.96
1091.97
1092.42
1092.87
1092.87
1092.87
1092.94
1093.16
1093.16
1093.35
1093.35
1094.14
1094.14
1094.32
1094.44
1094.92
1095.27
1095.35
1095.51
1095.55
1095.56
1095.56
1096.04
1096.11
1096.56
1096.72
1096.84
1096.87
1096.88
1097.23
1097.44
1097.49
1097.69
1098.09
1098.11
1098.13
1098.13
1098.16
1098.16
1098.52
1098.58
1098.97
1099.1
1099.54
1099.85
1100.13
1100.14
1100.24
1100.28
1100.33
1100.34
1100.4
1100.44
1100.47
1101.47
1101.58
1101.58
1102.19
1102.19
1102.82
1102.83
1103.05
1103.09
1103.31
1103.49
1103.55
1103.75
1103.75
1103.81
1103.88
1104.25
1104.26
1104.26
1104.29
1104.33
1104.33
1104.36
1104.38
1104.94
1104.94
1105.06
1105.1
1105.46
1105.55
1105.66
1105.68
1105.68
1105.69
1105.82
1106.24
1106.24
1106.89
1106.92
1107.13
1107.19
1107.34
1107.4
1107.4
1107.68
1107.69
1107.77
1107.78
1107.78
1108.39
1108.71
1108.91
1108.97
1109.13
1109.64
1109.74
1109.74
1109.74
1109.74
1109.89
1110.61
1110.93
1111.21
1111.29
1111.33
1111.41
1112.06
1112.06
1112.59
1112.59
1113.15
1113.2
1113.22
1113.22
1113.27
1113.3
1113.81
1114.16
1115
1115.24
1115.24
1115.25
1115.28
1116.09
1116.21
1116.21
1116.23
1116.49
1116.64
1116.76
1116.76
1117.7
1117.79
1117.93
1117.93
1118.11
1118.22
1118.34
1118.48
1118.84
1118.94
1118.98
1119.11
1119.2
1119.25
1119.47
1119.54
1119.59
1119.61
1119.66
1119.66
1120.01
1120.23
1120.45
1120.47
1120.48
1120.54
1120.92
1120.92
1121.05
1121.05
1121.05
1121.59
1121.69
1121.69
1121.69
1121.7
1121.83
1121.89
1121.89
1122.11
1122.11
1122.12
1122.66
1122.72
1122.95
1123.36
1123.64
1123.66
1123.88
1124.01
1124.01
1124.11
1124.55
1124.75
1124.89
1124.92
1125.43
1125.43
1125.64
1125.71
1126.52
1126.89
1127.36
1127.36
1127.47
1127.59
1127.9
1127.9
1128.04
1128.12
1128.17
1128.18
1128.42
1128.52
1128.52
1128.9
1129.26
1129.27
1129.31
1129.31
1129.43
1129.76
1129.9
1131.15
1131.32
1131.53
1131.53
1131.63
1131.79
1131.84
1131.84
1132.08
1132.33
1132.33
1132.33
1132.33
1132.33
1132.52
1132.53
1132.54
1133.67
1134.42
1135.04
1135.18
1135.18
1135.26
1135.81
1135.85
1135.85
1135.85
1135.86
1136.15
1136.15
1136.16
1136.18
1136.26
1136.26
1136.29
1136.48
1136.49
1137.15
1137.26
1137.26
1137.39
1137.47
1137.62
1137.86
1137.87
1137.96
1138.25
1138.25
1138.36
1138.37
1138.53
1138.54
1138.56
1138.72
1138.73
1138.81
1138.81
1138.82
1139.04
1139.04
1139.07
1139.43
1139.52
1139.59
1139.59
1139.59
1139.71
1139.99
1139.99
1140.06
1140.45
1140.46
1140.54
1140.55
1140.9
1141.22
1141.23
1141.29
1141.29
1141.41
1141.45
1141.45
1141.66
1141.66
1141.75
1142.12
1142.12
1142.44
1142.6
1142.81
1142.81
1142.96
1143.12
1143.45
1143.46
1143.91
1144.02
1144.15
1144.18
1144.44
1144.44
1144.72
1145.09
1145.24
1145.54
1145.63
1145.74
1146.35
1146.35
1146.35
1146.36
1146.57
1146.63
1146.74
1146.85
1147.24
1147.75
1148.22
1148.42
1148.44
1148.56
1148.94
1149.16
1149.84
1151.17
1152.11
1152.27
1152.32
1152.46
1152.5
1152.92
1152.95
1152.95
1153.01
1153.1
1153.64
1153.73
1154.26
1154.41
1154.41
1154.72
1154.85
1154.89
1155.08
1155.09
1155.09
1155.54
1155.6
1155.64
1155.72
1155.78
1156.11
1156.12
1156.33
1156.69
1156.77
1157.08
1157.21
1157.23
1157.23
1157.35
1157.39
1157.39
1157.49
1157.52
1157.56
1157.56
1157.87
1157.87
1158.03
1158.19
1158.27
1158.34
1158.6
1158.83
1158.88
1158.93
1158.95
1159.04
1159.4
1159.4
1159.5
1159.67
1159.7
1159.75
1159.84
1159.91
1160.07
1160.2
1160.22
1160.29
1160.9
1160.94
1161.02
1161.23
1161.29
1161.31
1161.31
1161.39
1161.52
1161.82
1162.16
1162.49
1162.81
1163.06
1163.69
1163.69
1163.84
1164.05
1164.83
1165.23
1165.31
1165.37
1165.45
1166.06
1166.31
1166.52
1166.6
1167.13
1167.13
1167.14
1167.14
1167.16
1167.16
1167.53
1167.58
1167.59
1167.72
1167.85
1167.89
1168.07
1168.31
1168.58
1169
1169.4
1169.46
1169.8
1169.81
1170.27
1170.47
1170.62
1170.97
1171.05
1171.26
1171.79
1171.88
1172.04
1172.14
1172.54
1172.55
1172.83
1172.83
1172.84
1173.13
1173.13
1173.19
1173.21
1173.29
1173.31
1173.31
1174.17
1174.17
1174.17
1174.23
1174.41
1174.41
1174.86
1174.86
1175.12
1175.17
1175.21
1175.48
1175.48
1175.48
1175.57
1175.8
1175.81
1176.04
1176.07
1176.37
1176.41
1176.45
1176.45
1176.54
1176.67
1176.69
1176.76
1177.01
1177.12
1177.12
1177.15
1177.43
1177.49
1177.51
1177.53
1177.63
1177.81
1177.84
1177.85
1177.85
1177.91
1178
1178.04
1178.19
1178.51
1178.56
1178.56
1178.58
1178.83
1178.97
1179.01
1179.02
1179.03
1179.15
1179.19
1179.64
1179.7
1179.76
1179.99
1180.09
1180.13
1180.19
1180.44
1180.45
1180.69
1180.73
1180.83
1181.3
1182.7
1182.7
1182.84
1182.84
1182.85
1182.89
1182.95
1183.38
1183.38
1184.29
1184.29
1184.43
1184.43
1184.79
1184.96
1184.96
1184.97
1184.97
1185.2
1185.3
1187.21
1187.3
1187.5
1188.34
1188.38
1188.55
1188.71
1188.71
1188.76
1189.73
1189.89
1189.89
1189.89
1189.99
1190
1190
1190.55
1190.55
1190.56
1190.56
1190.56
1190.56
1190.56
1190.62
1190.83
1190.96
1191.19
1191.2
1191.2
1191.2
1191.2
1192.06
1192.06
1192.13
1192.13
1192.36
1192.65
1192.66
1192.68
1192.68
1194.38
1195.44
1195.44
1195.46
1195.46
1195.51
1195.56
1195.56
1195.56
1195.56
1195.76
1196.05
1196.05
1196.05
1196.25
1196.38
1196.66
1196.79
1197.05
1197.54
1198.69
1198.78
1198.78
1198.91
1198.95
1199.26
1199.36
1199.4
1199.59
1199.75
1199.79
1200.11
1200.35
1200.52
1200.85
1200.85
1200.85
1200.89
1201.11
1201.11
1201.2
1201.2
1201.21
1201.49
1202.02
1202.12
1202.12
1202.2
1202.71
1202.72
1202.81
1202.81
1202.81
1202.82
1202.87
1203.19
1203.22
1203.33
1203.36
1203.36
1203.36
1203.42
1203.52
1203.54
1203.55
1203.89
1204.04
1204.26
1204.56
1204.79
1204.8
1204.87
1205.04
1205.06
1205.12
1205.56
1205.56
1205.92
1206.16
1206.39
1206.41
1206.41
1206.78
1206.86
1206.94
1207
1207.01
1207.06
1207.42
1208.09
1208.18
1208.18
1208.27
1208.27
1208.27
1208.56
1208.85
1208.87
1209.02
1209.08
1210.05
1210.05
1210.33
1210.51
1210.96
1211.05
1211.05
1211.31
1211.87
1212.31
1213.77
1213.87
1213.88
1213.88
1214
1214
1214.05
1214.19
1214.23
1214.23
1214.55
1214.7
1214.71
1214.71
1214.86
1214.9
1214.9
1214.93
1215.11
1215.11
1215.16
1215.16
1215.54
1215.55
1215.58
1215.6
1215.75
1215.82
1215.83
1215.97
1216.13
1216.17
1216.37
1216.37
1216.68
1216.68
1216.69
1217.23
1217.24
1217.36
1217.37
1217.8
1218.27
1218.44
1218.44
1218.45
1218.45
1218.45
1218.47
1218.49
1218.49
1218.49
1218.49
1218.65
1218.94
1219.13
1219.13
1219.15
1219.15
1219.42
1219.48
1219.48
1219.78
1219.78
1220.12
1220.18
1220.32
1220.32
1220.61
1220.61
1220.68
1220.7
1220.7
1220.73
1220.73
1220.77
1220.77
1220.82
1220.92
1221.03
1221.1
1221.27
1221.27
1221.67
1221.67
1221.86
1222.1
1222.16
1222.18
1222.18
1222.19
1222.25
1222.3
1222.58
1222.64
1223.01
1223.05
1223.19
1223.55
1223.65
1223.65
1223.86
1223.88
1224.66
1224.79
1224.83
1224.9
1225.02
1225.16
1225.26
1225.26
1225.39
1225.39
1225.39
1225.4
1225.45
1225.45
1225.48
1225.56
1225.63
1226.17
1226.37
1226.37
1226.46
1226.55
1226.79
1227.11
1227.41
1227.6
1227.62
1227.68
1227.73
1228.02
1228.03
1228.05
1228.05
1228.13
1228.49
1228.49
1228.67
1229.35
1229.53
1229.59
1229.59
1229.66
1229.86
1230.35
1230.62
1230.9
1231
1231.05
1231.45
1231.59
1232.04
1232.32
1232.45
1232.58
1232.58
1232.76
1232.83
1232.95
1232.96
1232.99
1233.03
1233.03
1233.1
1233.14
1233.14
1233.25
1233.25
1233.55
1233.71
1233.71
1233.71
1233.71
1233.72
1234.3
1235.09
1235.09
1235.11
1235.15
1235.15
1235.15
1235.25
1235.25
1235.26
1235.47
1235.72
1235.86
1235.86
1236.36
1237.13
1237.13
1237.14
1237.18
1237.34
1237.47
1237.48
1237.48
1237.5
1237.54
1237.78
1237.78
1238.47
1238.47
1238.47
1239.55
1239.55
1239.64
1240.01
1240.05
1240.33
1241.39
1241.45
1241.56
1241.76
1241.92
1242.26
