0.275013
0.281691
0.328202
0.429119
0.437975
0.516349
0.517738
0.575698
0.887996
0.888484
1.02312
1.02547
1.07188
1.20619
1.28191
1.28298
1.28725
1.29847
1.79906
1.80969
1.80975
1.89931
1.9007
1.90255
1.90402
1.94826
1.96661
2.48321
2.6837
3.09828
3.50399
3.91398
4.53369
4.58793
5.26852
6.02677
6.29751
6.62254
6.84401
8.03578
8.77709
8.77714
9.80649
11.0932
11.131
11.1318
12.4167
12.4336
12.4681
12.4691
12.4694
12.4702
14.238
14.9729
15.087
20.1869
20.233
21.7321
23.1954
23.2862
23.3734
24.4835
24.8268
24.8756
25.2144
25.8331
26.1995
26.8395
30.5742
30.6524
30.7672
30.9011
30.9013
31.1689
31.663
32.403
32.4177
32.982
43.4183
44.765
45.0523
45.098
49.6588
50.4546
50.5415
50.5976
50.6067
56.4659
56.6769
56.8188
57.2892
57.3161
59.9015
60.5959
60.8716
60.8741
61.2168
61.2182
61.9958
61.9959
62.9924
63.6455
63.6461
63.7806
63.9454
64.2286
64.5007
68.3512
68.3565
68.3576
69.4311
69.4351
73.6486
73.6491
73.6495
73.65
73.651
73.8317
73.9552
74.0148
74.0441
75.544
75.949
76.0079
76.0099
76.3004
76.7084
76.7253
76.8569
77.7001
78.2469
78.2478
78.2501
82.1497
100.475
103.301
108.112
108.123
108.131
116.565
116.61
120.383
120.691
120.691
121.011
121.011
121.012
121.491
121.491
122.064
129.411
129.52
129.911
131.823
131.823
131.863
132.857
133.997
135.647
135.836
135.878
139.994
140.263
143.806
144.178
145.774
147.092
147.352
147.352
147.409
147.453
148.162
148.204
148.208
148.285
152.669
152.751
152.752
153.399
153.898
154.381
159.527
160.272
170.596
171.267
204.12
209.71
213.859
214.097
214.41
215.115
218.562
220.72
220.721
220.815
220.882
222.318
222.345
223.806
223.863
223.865
224.054
224.215
224.228
224.535
225.063
225.523
239.411
239.412
244.011
244.012
244.128
244.351
244.387
244.388
245.17
245.183
248.434
249.39
249.39
249.392
249.392
249.745
256.106
256.436
256.436
256.856
256.978
256.978
257.093
258.566
259.529
261.267
261.322
262.059
262.158
275
275.317
275.391
275.491
275.492
275.981
275.983
275.984
275.986
276.56
286.806
287.412
292.654
292.663
292.663
292.663
292.952
293.453
295.476
295.476
295.747
296.011
297.304
297.305
299.117
299.292
299.292
300.45
300.45
300.45
300.484
300.528
301.428
309.493
310.217
310.422
310.596
310.615
310.615
310.954
311.98
312.056
312.056
312.069
325.317
325.516
328.964
330.821
330.822
330.822
334.959
338.839
338.907
341.243
350.961
351.42
354.464
354.582
355.49
355.494
355.557
357.186
357.386
358.064
358.066
358.839
359.853
359.853
359.855
359.855
359.887
359.889
359.89
359.916
359.92
360.088
363.253
363.342
363.498
364.384
364.386
364.388
364.735
382.073
382.554
383.295
385.175
385.181
385.182
385.875
385.983
385.989
386.062
386.062
386.065
386.12
394.512
394.512
398.68
398.782
408.063
408.065
408.065
408.292
408.473
408.565
408.566
409.557
411.123
412.667
412.672
412.799
417.047
417.047
417.048
424.519
424.52
424.612
424.65
424.678
424.997
424.997
429.319
429.32
430.065
436.369
436.52
436.529
436.53
439.835
439.982
439.984
440.304
440.304
440.305
477.229
477.229
477.264
478.575
478.576
478.577
478.712
478.712
482.025
482.065
482.066
482.067
482.067
499.898
500.173
500.485
501.188
501.189
501.23
504.031
505.241
505.596
506.174
506.359
506.698
507.463
509.659
519.636
520.421
520.494
521.812
521.813
522.051
533.888
533.972
533.972
535.073
540.008
541.464
543.235
543.241
543.242
543.257
544.633
544.637
544.64
544.757
545.409
546.023
546.024
546.026
546.42
546.468
546.47
546.75
547.009
547.009
547.191
549.167
549.168
549.169
549.17
549.478
549.48
549.519
549.976
550.913
550.913
551.05
551.165
552.406
553.089
565.987
565.987
565.987
571.612
572.905
573.09
580.553
584.77
586.706
589.846
589.846
590.671
590.688
594.819
594.819
596.988
597
597
597.147
598.066
598.255
598.5
598.585
598.586
598.587
598.587
603.046
603.105
605.214
605.214
605.215
605.969
606.416
606.454
624.605
630.161
630.161
630.162
630.163
630.298
630.322
630.724
631.719
632.436
632.895
646.446
647.859
647.958
647.959
657.223
657.224
657.226
660.212
660.966
676.364
676.482
684.436
684.437
684.53
684.53
684.535
684.536
684.537
686.363
686.369
687.724
688.256
688.547
688.547
688.548
688.642
688.835
692.346
693.099
693.353
699.398
699.399
699.458
699.459
699.711
703.224
705.156
705.157
706.512
706.512
706.526
706.597
706.599
706.63
706.784
708.741
711.749
711.871
711.872
720.532
720.532
720.533
720.737
720.789
720.794
720.794
720.795
