0.894645
0.899786
0.948492
0.950644
1.20705
1.20865
1.21606
1.27888
1.40743
1.55561
1.62224
1.71509
1.83169
1.91939
2.0282
2.12161
2.20998
2.2119
2.21197
2.21255
2.30761
2.34871
2.66755
2.68765
2.68808
2.7211
2.73587
2.73965
2.80633
2.82314
3.02384
3.13861
3.13933
3.17825
3.23083
3.25697
3.25805
3.29823
3.35694
3.35718
3.5332
3.64198
3.77496
3.77729
3.77798
3.81431
3.93143
3.9325
4.07302
4.074
4.24118
4.27789
4.32922
4.35094
4.35127
4.62714
4.71177
4.92767
4.93015
5.00452
5.01713
5.02784
5.23288
5.2331
5.23403
5.46561
6.00028
6.15009
6.15033
6.15041
6.15085
6.21859
6.31388
6.33004
6.63829
6.74139
6.85987
6.86495
7.30564
7.33313
7.41146
7.46569
7.66282
7.66334
7.84696
7.84763
8.10089
8.29507
8.30562
8.30721
8.31741
8.64867
8.76445
8.86622
8.86638
8.96566
8.96728
9.06767
9.0748
9.12309
9.14439
10.2285
10.2286
10.2286
10.2986
10.5766
10.5774
10.5792
10.6735
11.069
11.5426
11.9107
12.4474
12.4964
12.6538
13.0159
13.0341
13.3503
13.3519
13.3532
13.3619
13.435
13.5262
13.5337
13.7017
14.5623
14.7241
14.8209
14.8226
15.0188
15.9711
15.9712
15.9727
16.0482
16.1456
16.2289
16.2907
16.3924
16.6781
16.7232
17.0942
17.1223
17.1835
17.1859
17.1864
17.3684
17.5468
17.6735
17.6739
18.0451
18.054
18.0563
18.0955
18.0977
18.0978
18.0997
18.1356
18.4583
18.53
18.5547
18.5559
18.8817
19.037
19.0377
19.0934
19.2097
19.3135
19.3479
19.4111
19.4912
19.4915
19.5196
19.6974
19.717
19.782
20.1419
20.1513
20.2696
20.6354
20.6494
20.6502
20.6537
20.864
20.888
21.0325
21.2642
21.2653
21.3256
21.3277
21.6873
21.6944
21.712
21.9964
21.997
22.0473
22.0477
22.0481
22.1682
22.2517
22.5812
22.7464
22.9322
23.2029
23.204
23.4091
23.4504
23.4634
23.4894
23.7121
23.8607
23.8613
23.8956
24.1883
24.3543
24.5532
24.6546
24.7988
24.8767
24.8768
24.9002
24.9005
24.9011
24.9922
24.9971
24.9983
25.0715
25.1566
25.1915
25.1952
25.1967
25.2522
25.5594
25.5595
25.6382
25.6392
25.6862
25.7958
25.8833
25.8956
26.0447
26.2644
26.2671
26.4206
26.5411
26.5675
26.5838
26.7017
26.9798
26.9812
27.072
27.075
27.1104
27.2004
27.2009
27.312
27.4342
27.4383
27.4886
27.489
27.4902
27.7673
27.7674
28.3737
28.3922
28.8027
28.8419
28.8598
28.9293
29.5681
29.5849
29.8416
29.8416
29.8469
29.8482
30.1708
30.3877
30.3879
30.3881
30.4025
30.9175
31.0036
31.0056
31.0816
31.1907
31.2191
31.2415
31.5883
31.7576
31.7653
31.7681
31.7707
31.9447
31.945
32.0096
32.0118
32.0847
32.0863
32.0872
32.2358
32.2997
32.2998
32.3376
32.4135
32.4172
32.4611
32.5286
33.1956
33.2465
33.3853
33.4518
33.7734
33.7735
33.8797
33.9453
33.9505
33.9542
33.9626
34.1227
34.4573
34.7008
34.899
34.9634
35.1683
35.3337
35.364
35.4064
35.4107
35.4203
35.4485
35.7111
35.7172
36.1551
36.1574
36.2385
36.2395
36.2406
36.8634
36.8638
36.9015
36.9332
37.0275
37.0951
37.1125
37.2825
37.2836
37.2867
38.1765
38.1769
38.1782
38.1798
38.1833
38.184
38.5685
38.5689
38.6813
38.9556
39.1486
39.2133
39.3883
39.3903
39.3909
39.394
39.6104
39.6118
40.2408
40.5085
40.6207
40.623
40.6232
40.726
40.8553
41.0562
41.0567
41.057
41.542
41.6182
41.7635
41.7794
41.8811
41.9894
42.2105
42.4014
42.5697
42.6196
42.7178
42.7178
43.2856
43.3919
43.392
43.4971
43.5371
43.6062
43.6063
43.6278
43.7489
43.7502
43.7515
43.7524
43.7538
43.8401
43.8462
44.0364
44.0382
44.406
44.4072
44.4354
44.683
44.7816
44.8505
44.9178
45.3396
45.441
45.5072
45.6292
45.8054
45.8059
45.8085
45.9675
45.9691
45.974
46.0058
46.2277
46.4601
46.9138
46.9156
46.9678
47.5922
47.5927
47.9479
48.4141
48.4147
48.6601
48.661
48.703
48.7687
48.7695
48.8296
48.8804
48.8806
49.1929
49.2558
49.2876
49.5086
49.5108
49.521
49.5218
49.7474
49.7622
50.0308
50.1547
51.0696
51.1545
51.1995
51.2019
51.2033
51.2184
51.219
51.2242
51.304
51.3043
51.3647
51.3691
51.4039
51.4051
51.4051
51.4123
51.4134
51.4392
51.581
51.6356
51.7014
51.7018
51.7029
51.7152
51.7166
51.8156
51.9477
52.0239
52.375
52.6669
52.6902
52.8346
52.8355
53.4878
53.9018
54.9992
55.0555
55.2219
55.2222
55.5042
55.6541
55.6865
55.6931
55.7359
55.8299
56.109
56.1118
56.4146
56.5181
56.6193
56.621
56.6213
56.8002
56.806
56.8096
56.8903
56.9694
57.0724
57.0766
57.077
57.0869
57.219
57.5876
57.9723
58.6902
58.9848
59.2341
59.4499
60.0264
60.0417
60.432
60.4323
60.6326
60.8823
61.0763
61.439
61.4476
61.4555
61.4697
61.4701
61.4706
61.4742
61.4746
61.8644
61.9981
62.0377
62.0613
62.0626
62.5351
62.8151
62.9923
62.9936
63.0114
63.1629
63.2546
63.3059
63.6814
63.8415
63.9419
63.9423
63.9425
64.0543
64.1653
64.1683
64.4239
64.4244
64.5766
64.5781
65.1995
65.2003
65.3516
65.3519
65.3533
65.354
65.4447
65.4956
65.5106
65.5109
65.607
65.7806
66.0177
66.0199
66.0353
66.0558
66.1914
66.2598
66.27
66.4268
66.819
66.831
66.8937
67.1264
67.2509
67.527
67.6279
67.7901
68.0549
68.0985
68.1176
68.1188
68.1398
68.1409
68.1736
68.2342
68.5121
68.519
68.5193
68.5523
68.7867
69.2916
69.2945
69.2947
69.3083
69.3147
69.3594
69.3683
69.636
69.6973
69.6985
69.8116
69.8808
69.9241
70.1018
70.4969
70.5109
70.5843
71.1696
71.1892
71.534
71.5388
71.5427
71.5464
71.5592
71.6857
71.9039
72.2101
72.2106
72.3537
72.3633
72.4051
72.4153
72.4608
72.5129
73.5168
73.6253
73.8323
73.8551
73.9497
74.1231
74.1557
74.259
74.4151
74.485
75.0759
75.8933
75.894
76.0072
76.008
76.0967
76.1914
76.5694
76.9848
77.0077
77.123
77.4477
77.4924
77.6011
77.6054
77.6503
77.7086
77.7089
77.7865
77.7874
77.8509
77.9831
77.9838
78.1111
78.5842
78.6194
78.7673
78.8847
78.8872
79.1589
79.1593
79.2081
79.2116
79.2117
79.3528
79.3575
79.4619
79.4635
79.7185
79.7493
79.9326
79.9666
79.9776
80.0671
80.0677
80.306
80.3602
80.3823
80.4131
80.593
80.6296
80.7885
80.8192
80.8678
80.9323
81.0797
81.2811
81.2815
81.2839
81.3082
81.4995
81.4999
81.5004
81.5068
81.6616
81.7544
81.7562
81.7573
81.8525
81.8526
81.9114
81.9116
82.0899
82.1173
82.1224
82.1635
82.1642
82.1929
82.1945
82.2526
82.4144
82.7688
82.7734
82.9511
83.0044
83.0057
83.0144
83.0903
83.4597
83.4634
83.6556
83.669
83.702
84.0637
84.1284
84.1847
84.1937
84.2604
84.2636
84.2764
84.398
84.4651
84.4732
84.5427
84.677
84.8056
84.9331
84.9369
85.2508
85.3035
85.3579
86.2693
86.4075
86.4199
86.4637
86.7951
87.0824
87.1064
87.2055
87.541
87.5434
87.5945
87.5958
87.6126
87.6874
87.8559
87.8569
88.083
88.1936
88.2555
88.256
88.2618
88.263
88.3312
88.3447
88.565
88.5665
88.6179
88.6183
88.6974
88.7463
88.7508
88.9229
89.2009
89.3392
89.3393
89.3688
89.6462
89.8224
89.8564
90.1233
90.1512
90.2372
90.2487
90.8379
90.8594
91.0771
91.0811
91.0815
91.1049
91.2045
91.2088
91.211
91.7313
91.7314
91.8629
92.0887
92.1703
92.3538
92.3966
92.3979
92.8534
92.8546
92.8547
93.0282
93.3557
93.3572
93.3946
93.5764
93.8457
93.8475
93.9593
93.9594
94.0252
94.2945
94.685
95.2208
95.8285
95.877
96.165
96.2492
96.2565
96.4107
96.5829
96.6163
97.0936
97.1484
97.4358
97.4613
97.7793
97.9939
98.0196
98.3787
98.509
99.1977
99.198
99.1984
99.2345
99.3082
99.3471
99.3472
99.7669
99.7783
99.9697
99.9699
100.024
100.134
100.166
100.166
100.412
100.413
100.414
100.554
100.558
100.636
100.637
100.914
101.04
101.087
101.113
101.119
101.291
101.301
101.636
101.729
101.729
101.82
101.875
101.893
101.894
101.916
101.945
101.998
102.073
102.489
102.492
102.5
102.5
102.773
102.775
102.8
102.883
102.907
103.167
103.261
103.795
103.967
104.1
104.136
104.148
104.407
104.505
104.508
104.662
104.719
104.744
104.769
104.857
104.91
105.061
105.062
105.116
105.396
105.397
105.451
105.454
105.601
105.783
106.219
106.539
106.541
106.618
106.788
106.894
106.895
107.003
107.003
107.068
107.088
107.173
107.468
107.533
107.766
107.769
107.794
107.842
108.087
108.116
108.236
108.277
108.305
108.456
108.601
108.604
108.728
109.537
109.651
109.725
110.082
110.099
110.128
110.129
110.165
110.248
110.688
110.768
110.852
110.877
111.034
111.036
111.036
111.353
111.382
111.414
111.416
111.419
111.505
111.6
111.729
112.085
112.101
112.672
112.819
112.832
112.837
113.019
113.019
113.864
113.912
113.913
114.18
114.376
114.546
114.711
114.712
114.721
114.753
114.799
115.127
115.266
115.385
115.386
115.386
115.387
115.445
115.538
115.548
116.023
116.026
116.147
116.176
116.442
116.443
116.443
116.684
116.685
116.685
117.133
117.311
117.314
117.57
117.573
117.791
117.792
117.88
117.882
118
118.121
118.122
118.547
118.71
118.878
119.228
119.607
119.683
119.743
120.496
120.497
120.499
120.736
120.748
120.773
120.911
120.911
121.108
121.453
121.459
121.966
121.967
122.131
122.251
122.251
122.403
122.472
123.252
123.765
124.341
124.341
124.446
124.488
124.489
124.689
124.745
124.852
125.137
125.137
125.211
125.261
125.698
126.279
126.464
126.861
126.864
126.895
127.034
127.17
127.601
127.618
127.683
127.904
127.923
128.044
128.045
128.214
128.286
128.287
128.491
128.534
128.608
128.655
128.804
129.02
129.1
129.129
129.563
129.564
129.6
129.957
130.282
130.372
130.675
130.732
130.759
130.759
130.784
130.788
130.789
130.944
130.991
131.097
131.277
131.278
131.28
131.292
131.347
131.377
131.39
131.647
131.648
131.694
132.259
132.936
133.02
133.337
133.46
133.627
133.64
134.106
134.152
134.154
134.16
134.161
134.161
134.391
134.508
134.826
135.003
135.053
135.057
135.058
135.059
135.06
135.061
135.113
135.18
135.428
135.507
135.508
135.519
135.519
135.662
135.663
135.663
135.664
135.666
135.805
135.931
135.932
135.938
136.155
136.155
136.156
136.156
136.158
136.168
136.239
136.59
136.829
136.837
136.906
137.109
137.391
137.395
137.444
137.449
137.451
137.452
137.823
137.904
138.521
138.625
138.645
138.786
138.928
138.954
139.235
139.38
139.381
139.386
139.391
139.519
139.555
139.785
139.786
139.905
139.991
140.242
140.256
140.307
140.355
140.707
141.005
141.24
141.345
141.346
141.474
141.475
141.664
141.762
141.915
141.916
141.923
141.954
142.015
142.254
142.496
142.522
142.568
142.569
142.597
142.653
142.688
142.69
142.86
142.861
143.074
143.194
143.289
143.29
143.312
143.456
143.509
143.512
143.515
143.519
143.731
144.106
144.243
144.283
144.324
144.324
144.39
144.391
144.617
144.626
144.658
144.67
144.738
144.871
144.912
145.177
145.339
145.419
145.606
145.609
145.831
145.834
145.837
146.335
146.685
147.235
147.97
148.026
148.026
148.236
148.388
148.389
148.419
148.419
148.542
148.542
149.083
149.15
149.418
149.434
149.499
149.52
149.551
149.597
149.599
149.602
149.603
149.736
149.738
149.769
149.875
150.018
150.018
150.092
150.243
150.433
150.449
150.721
150.817
150.84
151.002
151.034
151.193
151.593
151.607
151.61
151.629
152.66
152.67
152.828
152.98
153.169
153.173
153.309
153.309
153.364
153.367
153.37
153.715
153.767
153.983
153.986
153.988
154.075
154.087
154.179
154.246
154.324
154.36
154.425
154.608
154.683
154.688
154.848
154.989
155.36
155.36
155.793
155.955
155.956
156.05
156.3
156.333
156.34
156.527
156.765
156.858
156.861
156.896
156.897
157.213
157.255
157.256
157.495
157.637
157.637
157.808
158.215
158.314
158.395
158.399
158.431
158.699
158.768
158.801
158.843
158.845
158.887
158.964
158.966
159.133
159.133
159.361
159.379
159.452
159.669
159.926
159.963
159.966
160.033
160.033
160.122
160.123
160.162
160.165
160.191
160.263
160.283
160.32
160.332
160.38
160.745
160.746
160.795
160.954
161.581
161.692
161.766
161.818
161.837
162.003
162.104
162.392
162.438
162.449
162.472
162.596
162.631
162.726
162.746
162.746
162.816
163.238
163.322
163.477
163.477
163.477
163.532
163.534
163.661
163.661
163.666
163.756
163.775
163.779
163.876
163.877
163.919
163.943
163.964
164.242
164.244
164.379
164.38
165.153
165.155
165.256
165.257
165.288
165.289
165.438
165.44
165.591
165.593
165.599
165.748
165.751
165.751
165.751
165.752
166.46
166.538
166.539
166.549
166.652
166.776
166.849
166.849
167.027
167.162
167.638
167.648
167.653
167.654
167.693
167.738
167.871
167.872
167.877
168.157
168.158
168.208
168.411
168.467
168.65
168.65
168.688
168.689
168.724
168.724
168.762
169.038
169.128
169.134
169.266
169.497
169.499
169.586
169.588
169.676
169.678
169.886
169.921
169.923
169.971
170.172
170.196
170.223
170.408
170.412
170.545
170.566
170.843
170.947
171.102
171.16
171.188
171.241
171.245
171.368
171.37
171.387
171.745
171.746
171.988
171.988
172.615
172.648
172.671
172.958
172.961
173.483
173.725
173.753
173.754
173.755
173.757
173.76
173.761
173.845
173.847
174.106
174.16
174.819
174.821
174.871
174.898
174.905
175.477
175.924
175.968
176.139
176.17
176.699
176.775
177.115
177.246
177.512
177.536
177.557
177.565
177.627
177.731
177.739
177.758
177.765
177.879
178.069
178.363
178.463
178.621
178.711
178.759
179.166
179.463
179.538
179.678
179.685
179.873
179.874
179.899
179.9
179.95
180.047
180.129
180.167
180.357
180.612
180.878
180.898
180.97
181.022
181.125
181.143
181.144
181.146
181.147
181.22
181.347
181.518
181.901
182.41
182.73
182.733
182.742
183.186
183.634
183.796
183.799
184.11
184.388
184.574
184.7
184.9
184.903
184.917
184.975
184.977
185.03
185.101
185.947
186.517
186.918
186.924
186.925
187.273
187.274
187.342
187.388
187.548
187.551
187.562
187.582
187.59
187.591
187.765
187.766
187.769
187.782
188.072
188.072
188.074
188.081
188.082
188.085
188.085
188.092
188.127
188.2
188.294
188.433
188.511
188.595
188.608
188.762
188.764
188.864
188.872
188.936
188.936
189.028
189.061
189.275
189.611
189.786
189.805
189.838
189.896
189.923
189.985
189.986
189.986
189.988
190.17
190.17
190.212
190.408
190.675
190.747
190.784
190.886
191.498
192.223
192.442
192.515
192.653
192.67
192.676
192.69
192.69
192.708
192.813
192.815
192.84
192.844
193.067
193.069
193.069
193.289
194.535
194.537
195.174
195.384
195.498
195.498
195.522
195.591
195.591
195.591
195.592
195.597
195.714
195.72
196.034
196.072
196.255
196.287
196.347
196.387
196.535
196.622
196.623
196.627
196.628
196.754
196.756
196.792
196.8
198.064
198.172
198.174
198.652
198.832
198.833
198.834
198.971
199.578
199.582
199.582
199.791
200.194
200.985
200.991
200.994
201.021
201.269
202.001
202.004
202.054
202.122
202.242
202.558
202.562
202.653
203.18
203.204
203.229
203.454
203.612
203.652
203.664
204.495
204.826
204.971
205.256
205.407
205.525
205.526
205.537
205.682
205.824
205.931
205.988
206.471
206.475
206.494
206.729
206.733
206.757
206.842
206.99
207.152
207.265
207.268
207.413
207.433
207.434
207.44
207.665
207.693
207.715
207.899
208.052
208.33
209.245
209.246
209.688
210.083
210.223
210.948
211.312
211.327
211.475
211.537
211.538
211.739
211.741
211.919
211.923
211.937
211.973
211.995
212.112
212.394
212.394
212.396
212.401
212.409
212.437
212.626
212.69
212.736
212.94
213.217
213.284
213.575
213.576
213.686
213.71
213.883
213.884
213.912
213.913
213.939
213.939
214.081
214.081
214.144
214.246
214.247
214.251
214.256
214.274
214.658
214.66
214.772
214.811
214.952
215.013
215.643
215.644
215.743
215.744
215.981
216.169
216.214
216.299
216.3
216.304
216.51
216.645
216.654
216.709
216.725
216.726
216.985
217.077
217.208
217.264
217.266
217.309
217.4
217.406
217.45
217.517
217.812
217.813
217.909
217.912
217.914
217.918
217.963
218.015
218.201
218.272
218.272
218.334
218.335
218.398
218.637
218.664
218.735
218.788
218.976
218.991
219.049
219.173
219.176
219.206
219.935
220.011
220.011
220.012
220.045
220.06
220.105
221.061
221.064
221.255
221.543
221.685
221.763
221.905
221.906
222.431
222.433
223.133
223.134
223.136
223.175
223.176
223.656
223.934
223.935
223.937
223.938
224.008
224.022
224.095
224.148
224.153
224.154
224.308
225.218
225.223
226.205
226.208
226.671
226.895
227.035
227.146
227.271
227.658
227.88
227.985
228.014
228.019
228.026
228.392
228.83
228.834
229.303
229.307
229.325
229.412
229.513
229.513
229.513
229.527
229.688
230.044
230.046
230.051
230.162
230.222
230.334
230.348
230.868
231.041
231.071
231.147
231.375
231.4
231.421
231.632
231.633
231.892
231.894
231.96
232.044
232.069
232.083
232.123
232.124
232.14
232.189
232.19
232.209
232.344
232.632
233.138
233.398
233.427
233.873
234.259
234.284
234.325
234.637
234.835
234.881
235.139
235.341
235.526
235.658
235.83
235.931
236.165
236.343
236.476
236.564
237.035
237.039
237.104
238.056
238.057
238.271
238.271
238.435
238.498
238.704
238.838
239.102
239.335
239.396
239.398
239.501
239.539
239.54
239.761
239.813
239.865
239.906
239.933
239.987
240.037
240.607
240.608
240.657
240.681
240.788
241.226
241.296
241.298
241.3
241.314
241.397
241.455
241.777
241.777
241.894
241.989
242
242.168
242.178
242.179
242.182
242.216
242.319
242.582
242.615
242.747
242.771
243.642
244.651
245.81
245.811
245.813
245.849
245.855
245.928
245.946
245.947
245.982
246.001
246.014
246.039
246.291
246.312
247.085
247.8
247.887
247.892
247.892
248.064
248.232
248.318
248.563
248.565
248.578
248.829
248.841
248.847
248.934
248.979
249.025
249.278
249.288
249.543
249.715
249.769
249.772
250.044
250.044
250.162
250.162
250.233
250.279
250.574
250.89
251.173
251.322
251.364
251.387
251.746
251.968
252.202
252.203
252.461
252.464
253.577
253.578
253.884
253.885
253.954
253.956
253.956
253.961
254.032
254.37
254.405
254.536
254.642
254.698
254.727
254.745
254.792
254.797
254.816
254.944
254.947
254.954
254.967
255.058
255.177
255.216
255.223
255.224
255.701
255.818
255.849
255.944
255.945
255.948
256.137
256.138
256.504
256.836
256.884
257.428
257.452
257.487
257.491
257.553
257.669
257.713
257.743
257.745
257.964
257.977
258.429
258.478
258.683
258.782
258.824
258.969
258.978
259.151
259.443
259.535
259.785
259.785
259.786
260.055
260.524
260.66
260.882
260.887
260.962
261.235
261.39
261.548
261.548
261.924
262.384
262.384
262.386
262.575
262.706
262.801
262.811
262.812
262.812
262.958
263.005
263.284
263.285
263.285
263.286
263.697
263.789
263.801
263.826
263.909
263.938
263.941
263.943
263.944
263.949
263.991
264.594
264.597
264.615
264.676
264.68
264.68
265.258
265.357
265.369
265.384
265.391
265.68
265.683
266.043
266.048
266.116
266.138
266.273
266.456
266.456
266.458
267.411
267.49
267.568
267.744
267.775
268.073
268.108
268.285
268.288
268.379
268.38
268.615
268.811
268.899
268.939
268.941
268.942
268.952
269.093
269.187
269.205
269.206
269.208
269.53
269.53
269.562
269.649
269.733
269.834
269.928
269.969
270.462
271.118
271.147
271.635
271.684
271.717
271.718
271.85
272.102
272.102
272.102
272.61
272.61
273.133
273.137
273.198
273.199
273.287
273.325
273.362
273.507
273.656
273.685
273.788
273.814
273.908
274.052
274.11
274.416
274.479
274.729
274.761
274.839
274.841
275.064
275.065
275.245
275.593
275.644
275.645
275.816
275.89
276.028
276.152
276.292
276.339
276.34
276.489
276.553
276.666
276.962
277.063
277.423
277.426
277.509
277.619
277.641
277.769
278.146
279.068
279.068
279.307
279.327
279.784
279.866
279.954
280.05
280.061
280.121
280.181
280.27
280.765
280.858
281.024
281.175
281.175
281.2
281.484
281.581
281.584
281.624
281.662
281.669
281.788
281.929
281.93
281.933
281.941
282.076
282.08
282.082
282.12
282.196
282.324
282.905
282.909
283.311
283.629
283.642
283.682
283.683
283.803
283.804
283.913
284.015
284.329
284.483
284.629
284.676
284.677
284.729
284.961
285.181
285.505
285.727
285.772
285.896
285.941
286.038
286.059
286.141
286.308
286.308
286.42
286.465
286.548
286.703
286.908
287.173
287.19
287.256
287.259
287.4
287.459
287.616
287.629
287.629
287.771
287.777
287.927
287.955
288.003
288.2
288.221
288.265
288.265
288.273
288.278
288.607
288.616
288.619
288.718
288.872
289.508
289.852
289.925
289.944
290.177
291.091
291.41
291.411
291.756
291.815
291.82
291.871
291.945
292.108
292.299
292.304
292.552
292.682
293.028
293.16
293.163
293.309
293.31
293.391
293.824
293.914
294.264
294.937
294.94
295.007
295.816
296.164
296.225
296.262
296.318
296.562
297.419
297.652
297.788
297.789
297.791
297.866
297.957
297.961
297.997
298.005
298.568
298.773
298.776
298.779
298.782
298.784
298.989
299.046
299.106
299.227
299.4
299.509
299.51
299.972
299.975
299.976
300.187
300.247
300.249
300.363
300.364
300.474
300.582
300.738
300.771
300.78
300.862
301.01
301.209
301.281
301.355
301.379
301.562
301.653
301.683
301.684
301.821
301.913
302.015
302.163
302.177
302.348
302.353
302.441
302.442
302.618
302.727
302.742
302.781
302.855
302.897
302.899
303.023
303.024
303.104
303.452
303.485
303.516
303.7
304.333
304.333
304.696
304.827
305.297
305.602
305.763
305.763
305.764
306.267
306.345
307.144
307.351
307.352
307.382
307.449
307.628
307.71
307.774
307.869
307.87
307.873
308.165
308.547
308.636
308.728
308.906
310.306
310.307
310.31
310.459
310.69
310.704
310.847
310.879
310.884
310.934
311.033
311.399
311.405
311.411
311.702
311.738
311.778
312.502
313.006
313.007
313.031
313.036
313.396
313.413
313.543
313.574
313.756
313.757
313.784
313.795
314.818
315.061
315.161
315.194
315.199
315.3
315.301
315.302
315.441
315.605
315.605
315.681
315.89
316.154
316.232
316.238
316.379
316.501
316.529
316.532
317.086
317.127
317.623
317.778
317.941
317.992
318.028
318.272
318.289
318.291
318.48
318.503
318.512
318.767
318.769
318.814
319.26
319.26
319.263
319.819
319.877
319.934
319.961
319.982
320.138
320.266
320.267
320.304
320.319
320.32
320.358
320.387
320.401
320.696
320.728
320.966
321.04
321.042
321.042
321.266
321.267
321.328
321.79
321.925
321.966
322.05
322.051
322.06
322.061
322.095
322.095
322.941
322.943
323.205
323.206
323.418
323.418
323.42
323.613
323.829
323.894
323.991
324.01
324.305
324.427
324.6
324.926
325.26
325.268
325.283
325.839
325.841
326.109
326.464
326.508
326.917
327.262
327.299
327.302
327.365
327.411
327.565
327.626
327.956
328.067
328.154
328.154
328.258
328.427
328.755
328.814
328.814
328.816
328.953
328.957
329.12
329.121
329.121
329.29
329.504
329.706
329.711
329.826
329.826
329.828
330.104
330.16
330.16
330.165
330.199
330.216
330.649
330.663
330.939
330.94
330.941
331.112
331.261
331.263
331.297
331.37
331.37
331.43
331.598
331.662
331.685
331.772
331.793
331.811
331.856
331.864
332.196
332.28
332.284
332.285
332.332
332.36
332.361
332.361
332.662
332.691
332.739
332.742
333.019
333.128
333.159
333.16
333.162
333.171
333.203
333.206
333.445
333.791
334.802
334.85
334.855
334.881
334.882
334.883
334.926
335.283
335.395
335.399
335.563
335.688
335.715
335.726
336.048
336.049
336.069
336.073
336.206
336.215
336.223
336.462
336.588
336.716
337.234
337.318
337.396
337.591
337.595
337.63
337.64
338.238
338.239
338.241
338.254
338.327
338.328
338.331
338.52
338.605
338.665
338.747
338.982
339.026
339.054
339.252
339.345
339.51
339.523
339.524
339.526
339.584
339.826
340.08
340.112
340.174
340.178
340.339
340.369
340.408
340.543
340.566
340.567
340.671
340.695
340.715
340.739
340.883
340.917
340.934
340.947
341.656
341.683
341.693
341.751
341.753
341.872
342.052
342.107
342.404
342.406
342.406
342.407
342.783
342.809
342.894
343.113
343.114
343.123
343.124
343.131
343.541
343.934
343.96
344.032
344.217
344.218
344.264
344.456
344.664
344.768
344.82
344.902
344.906
344.989
345.199
345.382
345.411
345.452
345.453
345.454
346.015
346.067
346.164
346.385
346.424
346.424
346.425
346.658
346.707
346.909
346.91
347.392
347.393
347.962
348.565
348.566
348.575
348.683
348.861
348.881
348.915
349.454
349.71
349.732
350.115
350.115
350.359
350.379
350.602
350.701
350.808
351.163
351.197
351.229
351.34
351.409
351.41
351.426
351.429
351.539
351.68
351.895
352.725
352.741
352.751
352.752
352.789
352.789
352.869
353.064
353.225
353.294
353.34
353.524
353.787
353.787
353.997
354.091
354.216
354.371
354.63
354.822
354.823
354.973
355.019
355.105
355.151
355.218
355.218
355.284
355.647
356.062
356.245
356.247
356.394
356.395
356.421
356.49
356.553
356.695
356.893
357.026
357.058
357.2
357.868
358.041
358.074
358.23
358.372
358.373
358.441
358.528
358.656
358.923
358.933
359.384
359.384
359.384
359.469
359.47
359.515
359.521
359.644
359.673
359.678
359.714
359.778
359.837
359.967
360
360.001
360.14
360.178
360.18
360.332
360.439
360.536
360.558
360.782
360.986
361.211
361.51
361.545
361.559
361.583
361.753
362
362.097
362.532
362.532
362.703
363.036
363.036
363.057
363.632
364.254
364.356
364.363
364.824
364.824
364.826
364.988
365.104
365.169
365.171
366.687
366.689
366.806
366.807
367.063
367.206
367.229
367.652
367.656
367.785
367.997
368.056
368.115
368.136
368.233
368.399
368.482
368.538
368.565
368.566
368.567
368.87
368.871
368.932
368.932
368.983
368.985
369.347
369.348
369.452
369.464
369.827
369.828
369.877
370.011
370.023
370.188
370.189
370.196
370.198
370.242
370.306
371.426
371.427
371.897
371.901
371.939
372.489
372.529
372.532
373.159
373.827
373.868
373.869
373.976
374.099
374.363
374.365
374.366
374.366
374.46
374.542
374.58
374.676
374.679
374.688
374.711
374.756
374.829
374.966
375.519
375.596
375.623
375.67
375.672
375.73
376.189
376.261
376.264
376.281
376.397
376.397
376.517
376.518
376.521
376.542
376.548
376.551
376.551
376.553
376.553
376.646
376.718
376.724
376.725
376.73
376.73
376.732
376.817
376.864
376.948
376.952
377.396
377.682
377.685
377.686
377.687
377.74
377.74
377.842
377.844
378.248
378.253
378.528
378.529
378.57
378.661
378.764
378.77
379.326
379.351
379.382
379.446
379.447
379.448
379.815
380.003
380.334
380.487
380.614
380.718
380.719
380.942
380.942
381.062
381.462
381.5
381.7
381.906
381.941
382.235
382.251
382.322
382.394
382.756
382.879
382.935
382.936
382.936
382.948
383.16
383.653
383.666
384.81
385.155
385.155
385.513
385.671
386.045
386.705
386.727
386.786
386.787
386.859
386.941
386.95
387.074
387.17
387.532
387.546
387.798
387.808
387.978
388.001
388.205
388.205
388.473
388.668
388.735
388.736
388.913
388.97
389.154
389.216
389.347
389.852
390.274
390.281
390.282
390.514
390.517
390.518
390.56
390.565
390.593
390.593
390.664
390.82
391.347
391.35
391.493
391.497
391.544
391.685
391.685
391.687
391.693
391.696
391.696
391.714
391.772
391.932
392.042
392.06
392.523
392.643
392.885
392.897
393.001
393.156
393.295
393.551
394.064
394.066
394.166
394.277
394.279
394.823
394.824
395.01
395.317
395.317
395.431
395.451
395.453
395.732
395.811
395.817
395.83
396.107
396.354
396.455
396.455
396.46
396.746
396.748
396.748
397.075
397.105
397.397
397.453
397.502
397.648
397.649
397.925
398.048
398.121
398.126
398.148
399.148
399.194
399.324
399.589
399.619
399.776
399.842
399.913
399.937
400.042
400.263
400.344
400.349
400.384
400.59
400.641
400.757
400.872
400.97
401.054
401.154
401.165
401.168
401.431
401.5
401.5
401.607
401.716
401.735
401.751
401.751
401.845
401.952
401.956
401.979
402.133
402.393
402.427
402.449
402.546
402.696
402.768
402.804
403.028
403.247
403.272
403.272
403.444
403.445
403.483
403.494
403.55
403.641
403.747
403.757
403.906
403.908
403.955
403.991
404.205
404.367
404.367
404.541
404.606
404.779
404.886
404.887
404.889
404.937
405.075
405.199
405.202
405.205
405.35
405.352
405.372
405.372
405.373
405.376
405.398
405.407
405.683
405.711
405.768
405.769
405.77
405.77
405.953
406.019
406.046
406.108
406.109
406.11
406.166
406.195
406.322
406.325
406.421
406.474
406.483
406.728
406.953
407.221
407.278
407.46
407.648
407.742
407.798
407.818
407.862
407.869
407.945
408.179
408.197
408.3
408.515
408.53
408.611
408.68
408.688
408.69
408.932
408.933
408.954
409.685
409.687
409.687
409.692
409.712
409.956
410.056
410.056
410.057
410.101
410.102
410.226
410.226
410.228
410.464
410.709
410.982
411.098
411.105
411.234
411.236
411.695
411.696
411.735
411.736
411.736
411.754
411.767
411.769
411.846
412.333
412.333
412.793
412.834
412.837
412.904
413.175
413.227
413.361
413.362
413.377
413.378
413.517
413.572
413.577
413.665
413.674
414.13
414.146
414.181
414.423
414.455
414.456
414.458
414.592
414.696
414.814
414.83
414.83
414.908
414.92
415.07
415.244
415.244
415.391
415.391
415.395
415.701
415.709
415.732
415.782
416.447
416.767
416.771
416.825
416.83
416.952
417.002
417.002
417.004
417.004
417.008
417.021
417.022
417.189
417.263
417.289
417.415
417.608
417.64
417.845
417.88
417.91
417.931
418.054
418.075
418.525
418.598
418.628
418.632
418.662
418.73
419.242
419.326
419.772
419.775
419.777
419.779
419.787
419.83
420.217
420.277
420.603
420.618
421.067
421.115
421.117
421.16
421.183
421.238
421.732
421.878
422.032
422.044
422.074
422.075
422.077
422.203
422.37
422.504
422.505
422.667
422.676
422.741
422.798
422.841
422.885
422.887
422.901
422.934
422.959
423.052
423.099
423.133
423.414
423.503
423.509
423.557
423.565
423.606
423.719
423.872
424.02
424.052
424.149
424.227
424.228
424.288
424.401
424.423
424.603
424.739
424.74
424.853
425.048
425.623
425.624
426.3
426.302
426.396
426.46
426.619
426.897
426.898
426.923
427.03
427.174
427.534
428.129
428.133
428.336
428.336
428.674
428.842
429.181
429.21
429.333
429.51
429.586
429.879
429.947
429.966
430.224
430.225
430.227
430.228
430.228
430.302
430.302
430.423
430.47
430.633
430.633
430.634
430.666
430.667
430.71
430.765
430.766
431.087
431.185
431.565
431.597
431.812
431.936
431.942
432.008
432.087
432.294
432.295
432.694
433.409
433.426
433.586
433.726
434.043
434.477
434.481
434.482
434.61
434.632
434.904
435.136
435.285
435.391
435.395
435.643
435.643
435.644
435.886
436.116
436.117
436.163
436.2
436.302
436.304
436.328
436.329
436.804
436.861
437.213
437.288
437.339
437.368
437.458
437.552
437.648
437.705
437.757
437.768
437.769
437.968
438.083
438.677
439.478
439.535
439.537
439.54
439.742
439.906
440.294
440.294
440.333
440.334
440.613
440.614
440.616
440.617
440.739
440.827
440.829
440.854
441.271
441.347
441.576
442.01
442.1
442.349
442.546
442.694
442.756
442.76
442.789
442.798
442.856
442.862
442.933
443.332
444.112
444.399
444.616
444.658
444.659
444.709
444.76
444.799
444.8
444.814
444.822
444.824
444.826
445.041
445.082
445.082
446.025
446.074
446.18
446.25
446.334
446.336
446.419
446.419
446.42
446.42
446.475
446.476
447
447.263
447.425
448.024
448.025
448.06
448.314
448.395
448.398
448.501
448.763
449.036
449.23
449.395
449.395
449.515
449.783
449.788
449.945
449.95
449.95
450.053
450.338
450.563
450.589
450.598
450.599
451.336
451.342
451.344
451.473
451.474
451.542
451.642
451.649
451.663
451.664
452.246
452.318
453.164
453.258
453.727
453.767
453.818
453.823
454.004
454.09
454.095
454.201
454.243
454.244
454.377
454.493
454.758
454.919
455.012
455.042
455.154
455.298
455.3
455.3
455.531
455.534
455.678
455.807
455.858
455.864
455.864
455.94
456.034
456.248
456.25
456.252
456.255
456.279
456.503
456.745
457.144
457.242
457.449
457.451
457.46
457.464
457.466
457.466
457.553
457.557
457.586
457.86
458.066
458.174
458.208
458.209
458.213
458.222
458.429
458.43
458.431
458.685
458.687
458.69
458.692
458.692
458.82
458.897
458.955
458.957
459.057
459.06
459.191
459.245
459.474
459.587
459.637
459.744
459.749
459.879
460.175
460.427
460.796
460.849
460.905
461.069
461.336
461.43
461.686
461.69
461.743
461.95
462.027
462.057
462.108
462.178
462.205
462.285
462.445
462.448
462.584
462.622
462.648
462.684
463.301
463.302
464.168
464.353
464.703
464.838
464.864
464.865
464.866
464.93
464.932
465.001
465.333
465.597
465.689
465.777
466.02
466.228
466.228
466.287
466.297
466.297
466.337
466.5
466.501
466.868
466.893
467.24
467.428
467.796
467.968
468.015
468.118
468.405
468.546
468.938
468.984
469.132
469.455
469.455
469.488
469.489
469.493
469.512
469.514
469.731
469.815
469.899
469.937
470.053
470.054
470.213
470.293
470.326
470.358
470.359
470.394
470.437
470.804
470.821
470.922
471.089
471.247
471.267
471.543
471.554
471.567
471.576
471.647
471.648
471.68
471.681
471.734
471.792
472.059
472.06
472.079
472.152
472.718
472.719
473.302
473.471
473.574
473.634
473.697
474.057
476.044
476.313
476.92
478.257
478.335
478.359
478.552
478.554
478.556
478.724
478.725
478.978
479.093
479.556
479.662
479.798
479.806
480.115
480.176
480.439
480.654
480.769
480.896
480.928
480.952
480.976
481.105
481.616
481.747
481.789
481.809
481.914
482.005
482.089
482.12
482.185
482.291
482.623
483.032
483.321
483.352
483.37
483.385
483.651
484.198
484.458
484.465
484.584
484.586
484.597
484.808
485.004
485.284
485.369
485.404
485.568
485.662
485.899
485.907
485.99
486.002
486.052
486.142
486.143
486.239
486.239
486.348
486.404
486.452
486.452
486.721
486.984
487.058
487.105
487.11
487.111
487.125
487.265
487.517
488.112
488.112
488.157
488.185
488.225
488.58
488.68
488.685
488.688
488.88
488.88
488.882
488.902
489.095
489.148
489.251
489.342
489.42
489.574
489.712
489.839
489.84
489.842
489.931
489.965
490.117
490.188
490.24
490.244
490.37
490.544
490.544
490.573
490.677
491.208
491.209
491.217
491.229
491.282
491.513
491.55
491.557
491.558
491.596
491.706
491.782
491.786
492.005
492.035
492.043
492.283
492.326
492.593
493.238
493.447
493.633
493.657
493.848
494.094
494.096
494.103
494.103
494.257
494.391
494.392
494.694
494.699
494.703
494.87
494.976
495.001
495.325
495.571
495.708
495.78
495.865
495.865
496.116
496.192
496.578
496.687
496.688
496.701
496.999
497.014
497.275
497.358
497.369
497.369
497.372
497.455
497.483
497.509
497.677
498.692
498.694
498.872
499.827
499.851
499.851
500.063
500.201
500.204
500.349
500.507
500.508
500.706
500.752
500.995
500.998
501.123
501.331
501.737
501.773
501.782
501.844
502.062
502.066
502.103
502.418
502.464
502.529
502.543
502.868
503.791
503.791
504.184
504.186
504.292
504.303
504.506
504.562
504.576
504.78
504.828
504.828
504.829
505
505.001
505.073
505.075
505.64
506.025
506.089
506.379
506.805
506.967
506.968
507.077
507.287
507.658
507.659
507.76
507.761
507.832
508.051
508.053
508.109
508.294
508.361
508.363
508.419
508.5
508.714
508.741
508.806
508.876
508.955
509.016
509.039
509.063
509.122
509.122
509.228
509.231
509.234
509.557
509.678
509.729
510.278
510.279
510.555
510.558
510.782
510.795
510.809
510.813
510.82
511.468
511.607
511.817
511.927
511.928
511.998
512.185
512.449
512.662
512.871
513.037
513.143
513.154
513.246
513.301
513.302
513.434
513.438
513.439
513.535
513.604
513.801
513.933
514.097
514.676
514.676
514.677
514.677
514.897
514.897
514.9
514.901
516.257
516.391
516.434
516.677
516.816
516.816
516.927
516.962
516.969
517.362
517.607
517.647
517.837
517.858
517.96
518.007
518.007
518.022
518.051
518.055
518.058
518.094
518.14
518.259
518.415
518.418
518.42
518.579
518.592
518.593
518.631
518.736
518.753
518.879
518.88
518.91
519.004
519.464
519.611
519.653
519.85
519.86
520.026
520.088
520.089
520.132
520.749
520.788
520.886
520.921
521.095
521.13
521.245
521.292
521.431
521.458
521.69
521.692
521.71
521.83
521.848
521.886
522.042
522.043
522.09
522.134
522.137
522.316
522.561
522.692
523.033
523.392
523.465
523.469
523.539
523.624
523.865
523.877
524.145
524.241
524.298
524.349
524.507
524.509
524.534
524.576
524.612
524.738
524.742
524.923
525.288
525.524
525.561
525.598
525.63
525.918
525.944
525.999
526.029
526.057
526.081
526.099
526.237
526.238
526.239
526.265
526.275
526.361
526.373
526.637
526.668
526.722
526.739
526.97
526.973
526.985
527.089
527.165
527.227
527.23
527.383
527.384
527.388
527.477
527.478
527.478
527.5
527.618
527.619
527.621
527.693
527.967
528.104
528.324
528.983
528.984
528.986
529.072
529.114
529.249
529.272
529.274
529.299
529.301
529.358
529.648
530.318
530.348
530.349
530.352
530.353
530.429
530.53
530.623
530.671
530.671
530.691
530.692
530.693
530.699
530.724
530.725
531.128
531.175
531.192
531.675
531.718
531.833
531.96
531.993
532.026
532.228
532.528
532.596
532.644
532.803
532.9
533.214
533.395
533.457
533.485
533.503
533.791
533.791
533.798
533.822
533.822
533.857
533.972
534.096
534.117
534.224
534.246
534.289
534.29
534.761
534.94
535.172
535.385
535.391
535.396
535.601
535.603
535.69
535.69
535.764
536.031
536.497
536.635
537.199
537.376
537.427
537.472
537.514
537.693
538.278
538.342
538.368
538.368
538.671
538.723
538.724
538.771
538.816
539.13
539.158
539.191
539.456
539.48
539.482
539.484
539.492
539.687
539.948
539.948
539.956
540.031
540.18
540.181
540.437
540.614
540.667
540.667
540.667
540.726
540.815
541.134
541.182
541.187
541.188
541.557
541.591
541.592
541.802
541.889
542.015
542.018
542.232
542.538
542.627
542.629
542.629
542.674
542.92
542.924
543.316
543.328
543.66
543.807
543.826
543.828
543.837
543.94
543.983
544.078
544.1
544.358
544.422
544.423
544.427
544.46
544.461
544.463
545.174
545.213
545.213
545.343
545.391
545.534
545.535
545.769
546.02
546.224
546.235
546.364
547.017
547.192
547.282
547.602
548.109
548.357
548.409
548.436
548.749
548.84
549.553
550.073
550.26
550.282
550.303
550.54
550.616
550.667
550.918
551.012
551.054
551.139
551.142
551.349
551.604
552.028
552.288
552.31
552.311
552.396
552.517
552.518
552.518
552.672
553.122
553.122
553.692
553.828
553.9
553.9
554.335
554.508
554.673
554.737
554.754
554.914
554.918
554.969
555.446
556.64
556.642
556.754
556.757
556.759
556.759
556.782
556.867
557.199
557.5
557.525
557.999
557.999
558.175
558.856
559.03
559.15
559.39
559.488
559.489
559.502
559.533
559.74
559.888
560.135
560.441
560.444
560.521
560.887
561.11
561.281
561.435
561.61
561.638
561.698
562.202
562.216
562.468
562.691
562.747
562.785
562.787
562.891
562.891
562.895
562.896
562.897
562.904
563.05
563.056
563.118
563.172
563.306
563.406
563.673
563.754
563.825
564.203
564.289
564.314
564.316
564.317
564.617
564.663
564.714
564.94
565.998
566.078
566.124
566.45
566.649
566.688
567.045
567.09
567.111
567.176
567.337
567.403
567.404
567.491
567.505
567.655
567.666
567.69
567.789
567.856
567.857
567.861
567.881
568.081
568.889
568.89
569.064
569.22
569.224
569.393
569.424
569.49
569.504
569.505
569.505
569.555
569.727
569.849
569.863
569.897
569.922
570.115
570.376
570.397
570.618
570.72
570.847
570.847
570.987
570.989
570.991
570.992
570.995
571.108
571.627
571.66
571.762
571.891
571.891
571.996
571.998
572.054
572.075
572.275
572.531
572.531
572.532
572.532
572.538
572.694
572.929
572.929
572.93
572.937
572.938
573.329
573.448
573.942
574.227
574.33
574.425
574.426
574.589
574.592
574.616
574.621
574.621
575.067
575.068
575.068
575.279
575.396
575.421
575.424
575.597
575.669
575.717
576.064
576.065
576.067
576.158
576.476
576.652
576.667
577.217
577.339
577.34
577.373
577.433
577.501
577.503
577.504
577.593
577.7
577.748
578.128
578.138
578.254
578.305
578.305
578.397
579.218
579.264
579.266
579.416
579.45
579.453
579.564
579.565
579.797
579.824
579.952
579.955
580.08
580.081
580.081
580.162
580.519
580.77
580.771
580.891
580.924
581.613
581.868
581.868
581.937
581.988
582.336
582.342
582.345
582.352
582.558
582.561
582.876
582.877
582.95
583.069
583.11
583.252
583.292
583.484
583.485
583.987
583.997
584.02
584.166
584.513
584.727
584.727
584.895
584.895
584.939
585.104
585.165
585.169
585.181
585.266
585.284
585.455
585.724
585.724
586.115
586.139
586.197
586.229
586.27
586.369
586.584
586.649
587.113
587.328
587.596
587.645
587.648
587.876
587.877
588.039
588.11
588.189
588.215
588.363
588.449
588.449
588.461
588.582
588.608
588.633
588.736
588.825
589.216
589.232
589.236
589.303
589.341
589.344
589.447
589.469
589.807
589.811
589.927
589.987
590.052
590.104
590.106
590.182
590.279
590.279
590.336
590.415
590.469
591.57
591.681
591.684
591.691
591.695
591.695
591.708
592.126
592.139
592.339
592.527
592.574
592.738
593.278
593.582
593.585
593.585
593.588
593.922
594.518
594.519
594.519
594.52
594.819
594.883
594.883
594.888
594.889
594.92
595.078
595.434
595.441
595.609
595.71
595.846
595.95
595.999
596.315
596.315
596.624
596.628
596.629
596.702
596.949
597.362
597.477
597.491
597.514
597.517
597.614
597.718
597.8
597.97
598.123
598.137
598.172
598.372
598.48
598.497
598.801
598.914
599.152
599.311
599.367
599.383
599.509
599.632
599.675
600.083
600.089
600.182
600.225
600.229
600.449
600.647
600.648
600.659
600.85
600.851
601.064
601.256
601.32
601.537
601.802
601.802
601.881
601.882
601.884
601.885
602.064
602.151
602.185
602.54
602.664
602.77
602.955
603.008
603.081
603.096
603.118
603.118
603.189
603.276
603.338
603.578
603.837
603.913
603.913
603.982
604.267
604.361
604.704
604.874
605.187
605.277
605.462
605.558
605.687
605.959
605.961
606.028
606.091
606.101
606.17
606.171
606.258
606.409
606.412
606.531
606.755
606.871
606.881
606.886
606.888
606.89
607.119
607.22
607.229
607.233
607.233
607.284
607.405
607.464
607.586
607.587
607.699
607.746
607.886
607.889
608.954
609.01
609.049
609.142
609.143
609.183
609.3
609.399
609.412
609.444
609.464
609.555
609.569
609.618
609.683
610.776
610.777
610.831
611.088
611.161
611.163
611.286
611.315
611.403
611.602
611.604
612.042
612.113
612.18
612.186
612.232
612.265
612.418
612.655
612.714
613.119
613.488
613.991
614.321
614.323
614.398
614.63
615.314
615.431
615.579
615.579
615.626
615.627
615.638
615.64
615.784
616.165
616.39
616.508
616.836
616.919
616.919
616.988
616.996
617.241
617.472
617.473
617.524
617.637
617.679
617.899
617.96
617.977
617.978
618.05
618.087
618.089
618.191
618.307
618.308
618.714
618.718
618.719
618.721
618.822
618.877
619.734
619.754
619.765
619.768
619.903
620.01
620.081
620.364
620.421
620.423
620.75
620.753
621.295
621.756
622.138
622.392
622.486
622.49
622.49
622.548
622.571
623.136
623.25
623.517
623.623
623.626
623.857
624.016
624.093
624.136
624.492
624.68
624.686
624.686
625.083
625.119
625.165
625.621
625.708
625.708
625.743
625.863
625.866
625.873
626.023
626.067
626.073
626.214
626.28
626.281
626.285
626.293
626.294
626.295
626.323
626.324
626.412
626.47
626.685
626.771
626.83
626.839
626.892
626.939
626.947
627.018
627.208
627.581
627.583
627.665
627.744
627.746
628.159
628.535
628.57
628.57
628.863
629.055
629.307
629.569
629.661
629.661
630.165
630.175
630.353
630.417
630.521
630.527
630.737
630.794
630.932
630.936
630.97
632.336
632.419
632.453
632.49
632.607
632.66
632.905
632.985
632.997
633.042
633.05
633.065
633.113
633.217
633.648
633.648
633.681
633.759
633.817
634.004
634.114
634.189
634.493
634.543
634.653
634.934
634.938
634.945
635.018
635.079
635.091
635.271
635.28
635.281
635.284
635.285
635.349
635.527
635.67
635.713
635.905
636.02
636.265
636.608
636.61
636.62
636.728
636.773
636.773
636.773
636.887
636.888
636.892
636.892
637.235
637.332
637.453
637.455
637.458
637.554
637.554
637.555
637.561
637.631
637.631
637.636
637.637
637.637
637.701
637.806
637.821
638.083
638.178
638.291
638.618
638.631
639.013
639.156
639.271
639.452
639.644
639.735
639.737
639.74
639.865
640.038
640.134
640.134
640.334
640.335
640.337
640.453
640.453
640.576
640.585
640.621
640.622
640.868
640.932
641.173
641.175
641.175
641.352
641.353
641.545
641.62
641.643
641.679
641.7
641.772
641.772
641.973
641.974
641.974
641.98
642.163
642.168
642.204
642.209
642.35
642.351
642.452
642.457
642.461
642.571
642.789
642.931
643.088
643.395
643.4
643.472
643.478
643.54
643.791
643.878
644.024
644.098
644.451
644.459
644.757
644.848
644.962
644.962
644.979
644.98
644.986
644.988
645.137
645.236
645.304
645.54
645.541
646.039
646.039
646.146
646.217
646.217
646.418
646.559
646.804
646.818
646.996
647.072
647.077
647.078
647.11
647.352
647.355
647.677
647.819
647.82
647.825
647.902
647.94
648.063
648.526
648.528
648.559
648.621
648.975
649.019
649.168
649.353
649.384
649.454
649.581
649.613
649.765
650.048
650.049
650.089
650.097
650.134
650.324
650.533
650.533
650.562
650.629
650.634
650.81
650.889
651.072
651.106
651.176
651.362
651.372
651.604
651.696
651.698
651.825
652.146
652.199
652.201
652.206
653.264
653.264
653.526
653.555
653.604
653.716
653.734
653.795
653.88
654.141
654.342
654.35
654.525
654.525
654.684
654.685
654.779
654.908
655.058
655.145
655.245
655.326
655.409
655.409
655.41
655.82
655.881
655.884
656.087
656.091
656.299
656.357
656.357
656.387
656.539
656.832
656.852
657.02
657.106
657.267
657.695
657.697
657.759
657.789
657.984
657.984
658.102
658.113
658.382
658.393
658.726
658.851
659.029
659.299
659.521
659.547
659.653
659.765
659.772
660
660.094
660.281
660.436
660.574
660.643
660.921
661.123
661.162
661.346
661.508
661.673
661.689
661.754
662.386
662.422
662.455
662.612
662.749
662.757
662.841
662.908
662.91
662.91
662.994
663.301
663.439
663.439
663.882
664.372
664.374
664.389
664.64
664.69
664.731
664.958
664.96
664.961
665.448
665.543
665.688
665.711
665.873
665.876
666.046
666.046
666.047
666.322
666.322
666.324
666.381
666.495
666.513
666.573
666.656
666.673
666.728
666.803
667.034
667.304
667.469
667.535
667.587
667.745
667.79
667.79
667.873
668.209
668.377
668.474
668.614
668.865
668.878
668.966
669.069
669.082
669.196
669.241
669.773
669.837
669.854
669.972
669.974
669.986
670.04
670.09
670.092
670.101
670.123
670.154
670.244
670.304
670.817
670.819
671.025
671.121
671.251
671.593
672.162
672.237
672.803
672.809
672.878
673.04
673.591
673.632
673.705
673.857
673.86
673.907
673.999
674.135
674.258
674.498
674.502
674.537
674.719
674.908
674.982
675.071
675.122
675.253
675.335
675.459
675.51
675.566
675.754
676.007
676.054
676.112
676.142
676.158
676.281
676.329
676.543
676.543
676.869
677.047
677.047
677.048
677.864
677.864
677.866
677.92
677.943
677.944
677.957
677.983
678.076
678.152
678.281
678.312
678.432
678.433
678.463
678.737
678.802
679.025
679.191
679.405
679.549
679.801
680.045
680.046
680.046
680.108
680.177
680.178
680.227
680.507
681.015
681.019
681.331
681.333
681.366
681.715
681.813
681.813
681.867
682.035
682.035
682.11
682.264
682.421
682.482
682.537
682.78
682.847
682.848
683.351
683.353
683.406
683.413
683.786
683.79
684.193
684.369
684.428
684.468
684.469
684.557
684.622
684.642
684.694
684.785
684.785
684.818
684.96
684.974
684.974
685.167
685.167
685.167
685.294
685.344
685.431
685.432
685.529
685.941
685.987
686.251
686.263
686.285
686.42
686.571
686.669
686.669
686.918
687.216
687.218
687.218
687.383
687.384
687.456
687.833
687.853
687.883
687.928
688.029
688.245
688.292
688.326
688.543
688.745
688.842
688.844
688.904
688.926
689.197
689.333
689.351
689.376
689.442
689.444
689.466
689.538
689.589
689.895
690
690.006
690.252
690.253
690.254
690.281
690.493
690.669
691.393
691.393
691.397
691.398
691.758
691.758
691.779
691.988
692.179
692.182
692.246
692.259
692.302
692.378
692.506
692.552
692.571
692.856
692.961
693.06
693.066
693.067
693.245
693.732
693.82
693.979
693.979
693.984
693.985
693.986
694.072
694.074
694.16
694.164
694.305
694.411
694.554
694.56
694.561
694.82
695.045
695.048
695.054
695.095
695.098
695.098
695.12
695.166
695.288
695.311
695.619
695.704
696.069
696.074
696.084
696.34
696.34
696.367
696.434
696.451
696.456
696.511
696.522
696.589
696.597
696.622
696.629
696.629
696.647
696.648
696.694
696.719
696.72
696.722
696.723
696.776
697.193
697.219
697.226
697.788
697.859
697.995
698.162
698.456
698.457
698.529
698.53
698.82
698.854
698.997
699.138
699.205
699.206
699.623
699.83
699.892
699.999
700.689
700.72
701.032
701.128
701.13
701.161
701.163
701.182
701.329
701.332
701.712
701.764
701.766
701.856
701.889
702.13
702.261
702.977
703.182
703.182
703.599
703.709
703.764
703.935
704.235
704.372
704.466
704.683
704.808
705.309
705.32
705.337
705.403
705.434
705.589
705.664
705.679
705.785
705.851
706.107
706.231
706.279
706.328
706.332
706.333
706.766
706.869
706.869
706.93
707.078
707.913
707.933
708.223
708.351
708.356
708.47
708.512
708.515
708.67
708.68
708.743
708.745
708.782
708.783
708.84
708.89
708.891
708.967
708.972
708.973
709.162
709.425
709.575
709.849
709.851
709.892
709.892
709.927
709.954
710.275
710.522
710.678
710.682
710.698
710.729
710.786
710.98
711.198
711.305
711.421
711.422
711.565
711.594
711.596
711.722
711.722
712.244
712.245
712.287
712.675
712.756
712.808
713.235
713.236
713.238
713.616
713.981
713.982
714.085
714.181
714.292
714.293
714.35
714.455
714.456
714.59
714.593
715.037
715.039
715.099
715.168
715.256
715.32
715.541
715.541
715.619
715.89
715.891
715.946
715.947
715.947
715.987
716.212
716.371
716.477
717.09
717.104
717.265
717.433
717.861
717.911
717.965
718.447
718.51
718.57
718.579
718.579
718.58
718.73
718.767
719.046
719.316
719.316
719.319
719.42
719.642
719.764
719.793
719.817
719.817
719.819
719.827
719.828
719.832
719.915
720.07
720.081
720.347
720.359
720.52
720.546
720.853
720.886
721.315
721.334
721.543
721.637
721.687
721.692
721.809
721.827
721.834
721.937
722.948
723.053
723.06
723.078
723.09
723.141
723.141
723.157
723.845
723.849
723.872
723.872
723.873
723.968
724.031
724.317
724.416
724.423
724.47
724.475
724.495
724.548
724.592
724.592
724.593
724.658
724.679
724.68
724.852
724.994
725.008
725.75
725.767
725.771
725.772
725.773
725.784
725.799
725.856
725.857
725.858
725.858
725.877
725.877
726.023
726.233
726.774
727.347
727.844
727.992
728.011
728.032
728.034
728.102
728.122
728.122
728.124
728.19
728.377
728.51
728.589
728.592
728.771
728.788
728.909
728.941
729.206
729.256
729.296
729.479
729.626
729.627
729.654
729.69
729.847
730.042
730.205
730.277
730.582
730.633
730.841
730.976
730.983
731.035
731.067
731.081
731.215
731.215
731.22
731.884
732.053
732.104
732.173
732.177
732.393
732.394
732.57
732.67
732.67
732.863
732.884
732.887
732.931
733.159
733.248
733.455
733.559
733.742
734.137
734.137
734.51
734.674
734.976
735.065
735.071
735.188
735.315
735.38
735.382
735.383
735.78
735.783
736.647
736.931
736.935
737.225
737.231
737.232
737.301
737.489
737.79
738.643
738.961
738.962
738.976
739
739.141
739.2
739.203
739.204
739.238
739.241
739.337
739.339
739.357
739.377
739.382
739.384
739.397
739.762
739.793
739.807
739.81
739.913
739.999
740.025
740.072
740.072
740.079
740.153
740.282
740.754
741.088
741.093
741.145
741.292
741.295
741.296
741.358
741.358
741.358
741.493
741.516
741.661
741.689
741.726
741.775
741.787
741.794
741.895
742.098
742.186
742.188
742.194
742.198
742.274
742.282
742.601
742.738
742.743
743.332
744.026
744.027
744.061
744.065
744.207
744.24
744.493
744.613
744.689
744.691
744.964
744.965
745.44
745.44
745.441
745.665
745.848
745.85
745.851
746.247
746.282
746.322
746.33
746.338
746.75
746.857
746.857
747.02
747.132
747.204
747.221
747.221
747.274
747.497
747.592
747.592
747.68
748.134
748.146
748.35
748.422
749.44
749.484
749.579
749.996
750.273
750.436
750.471
750.817
750.899
750.901
750.901
751.09
751.092
751.1
751.112
751.272
752.126
752.13
752.134
752.139
752.14
752.141
752.141
752.189
752.469
752.48
752.481
752.52
752.52
752.546
752.547
752.567
752.721
752.813
752.814
753.193
753.194
753.277
753.329
753.34
753.345
753.418
753.543
753.543
753.721
754.002
754.113
754.194
754.209
754.341
754.344
754.344
754.345
754.459
754.461
754.464
754.464
754.466
754.515
754.518
755.314
755.315
755.512
755.512
755.648
755.743
755.874
755.875
756.622
756.627
756.665
756.742
757.027
757.077
757.164
757.189
757.195
757.317
757.353
757.371
757.692
757.796
757.833
757.889
757.964
757.967
758.12
758.307
758.308
758.31
758.334
758.486
758.497
758.644
758.84
759.116
759.155
759.279
759.316
759.32
759.398
759.575
759.589
759.768
759.942
760.24
760.621
760.622
761.523
761.523
761.525
761.54
762.216
762.316
762.616
762.617
762.762
762.762
762.774
762.919
763.452
763.77
763.793
763.794
763.868
764.051
764.093
764.093
764.093
764.132
764.217
764.217
764.28
764.283
764.399
764.487
764.498
764.63
764.828
764.829
764.829
764.881
765.717
765.719
765.932
765.965
766.194
766.284
766.312
766.312
766.317
766.329
766.33
766.454
766.457
766.648
766.693
766.716
766.874
766.904
767.685
767.694
767.762
767.762
768.093
768.13
768.163
768.305
768.383
768.384
768.385
768.394
768.559
768.567
768.572
768.572
768.658
768.705
768.706
768.776
768.779
769.037
769.411
769.415
769.586
769.731
769.808
769.878
770.015
770.015
770.083
770.345
770.38
770.847
770.85
771.098
771.211
771.211
771.211
771.212
771.359
771.361
771.361
772.06
772.062
772.155
772.7
772.703
772.712
772.805
772.806
772.885
772.897
773.309
773.33
773.415
773.427
773.431
773.458
773.61
773.618
773.74
773.832
773.896
773.919
774.062
774.374
774.403
774.405
774.755
774.756
774.756
774.758
774.776
775.027
775.182
775.57
775.616
775.618
775.936
775.958
776.33
776.352
776.452
776.452
776.506
776.716
776.787
776.954
777.014
777.06
777.449
777.705
777.957
777.96
777.965
777.973
778.031
778.417
778.417
778.525
778.526
778.993
779.227
779.381
779.383
779.74
779.756
779.958
780.482
780.741
780.81
780.812
780.93
781.297
781.455
781.541
781.541
781.545
782.072
782.194
782.276
782.279
782.281
782.283
782.421
782.512
782.596
782.668
782.67
782.672
782.673
782.779
782.859
782.865
782.914
782.945
782.947
782.947
782.982
782.994
783.208
783.209
783.213
783.22
784.174
784.296
784.303
784.309
784.32
784.43
784.431
784.431
784.432
784.434
784.629
784.629
784.629
784.88
784.963
784.994
784.994
785.477
785.496
785.537
785.765
785.872
785.944
785.947
786.22
786.499
786.755
786.816
786.898
786.967
787.053
787.066
787.192
787.233
787.285
787.498
787.562
787.868
787.98
788.041
788.326
788.329
788.373
788.373
788.373
788.489
788.49
788.517
788.614
788.789
788.901
789.057
789.099
789.212
789.286
790.103
790.114
790.126
790.206
790.384
790.813
790.952
791.561
791.706
792.03
792.289
792.289
792.332
792.526
792.527
792.702
792.733
792.898
792.994
793.13
793.362
793.403
793.851
793.954
793.955
794.049
794.116
794.19
794.25
794.25
794.34
794.34
794.373
794.413
794.527
794.528
794.531
794.532
794.645
794.645
794.772
794.886
794.886
794.916
795.03
795.087
795.127
795.203
795.205
795.345
795.375
795.618
795.62
795.953
795.959
795.968
795.984
796.03
796.355
796.653
796.838
796.842
796.909
797.015
797.089
797.455
797.456
797.462
797.462
797.6
797.725
797.879
798.096
798.105
798.115
798.118
798.387
798.563
798.717
798.793
799.222
799.536
799.643
799.751
799.753
799.978
799.983
800
800.099
800.231
800.688
800.689
800.742
800.774
800.777
800.815
800.825
800.855
800.935
801.012
801.04
801.066
801.186
801.362
801.374
801.43
801.437
801.589
801.596
801.656
801.864
801.866
802.047
802.051
802.052
802.084
802.086
802.112
802.114
802.649
802.651
802.718
802.719
802.736
802.82
803.364
803.38
803.482
803.505
803.505
803.991
804.349
804.351
804.562
804.573
804.638
804.857
804.884
804.909
804.911
804.912
804.98
804.983
805
805.002
805.005
805.028
805.034
805.222
805.225
805.243
805.245
805.473
805.833
806.157
806.321
806.343
806.348
806.353
806.448
806.449
806.508
806.784
807.009
807.074
807.131
807.511
807.624
807.643
807.939
807.958
807.958
807.958
808.143
808.221
808.283
808.558
808.6
808.684
808.78
808.783
808.829
809.065
809.112
809.214
809.3
809.38
809.418
809.529
809.678
809.75
809.819
809.845
809.86
810.517
810.552
810.554
810.644
810.729
810.729
810.891
811.368
811.519
811.853
812.058
812.163
812.508
812.544
812.784
812.898
813.178
813.594
813.68
813.681
813.732
813.941
813.953
814.151
814.151
814.3
814.493
814.496
815.157
815.193
815.22
815.225
815.226
815.229
815.512
815.634
815.658
815.803
815.804
816.214
816.364
816.366
816.367
816.368
816.42
816.458
816.544
816.549
816.611
816.75
816.852
817.244
817.269
817.293
817.297
817.511
817.594
817.596
817.812
817.819
818.113
818.13
818.494
818.495
818.694
818.853
818.899
818.997
819.415
819.466
819.796
819.9
819.904
819.957
820.016
820.034
820.499
820.499
820.585
820.6
820.69
820.728
821.307
821.307
821.341
821.9
821.905
821.907
822.048
822.139
822.148
822.151
822.258
822.259
822.408
823.066
823.071
823.156
823.295
823.388
823.389
823.476
823.824
823.825
824.157
824.199
824.211
824.38
824.443
824.447
824.457
824.459
824.512
824.54
824.613
824.868
824.937
824.939
824.966
824.984
825.135
825.513
825.514
825.538
825.544
825.641
825.805
825.813
825.855
825.883
826.085
826.085
826.128
826.17
826.239
826.449
826.45
826.531
826.534
826.575
826.635
826.668
827.027
827.416
827.528
827.65
827.844
828.163
828.198
828.199
828.279
828.284
828.526
828.671
828.848
828.88
828.925
829.046
829.294
829.305
829.328
829.33
829.331
829.372
829.686
829.737
829.739
829.739
829.995
829.996
830.189
830.191
830.377
830.496
831.155
831.395
831.687
831.69
831.69
831.696
831.716
831.717
831.782
831.784
831.786
831.877
831.878
831.927
831.934
832.038
832.044
832.044
832.27
832.371
832.749
832.754
832.895
832.914
832.92
832.922
832.923
833.065
833.065
833.066
833.322
833.341
833.755
833.93
834.23
834.429
834.434
834.436
834.481
834.557
834.559
834.695
834.695
834.696
834.697
834.7
834.702
834.81
835.148
835.216
835.281
835.281
835.281
835.34
835.742
835.873
836.342
836.343
836.498
836.5
836.535
836.799
836.802
836.803
836.897
836.899
836.901
837.118
837.128
837.142
837.142
837.143
837.74
837.887
837.914
837.92
837.923
838.011
838.05
838.058
838.111
838.113
838.575
838.624
838.789
838.834
838.844
838.892
838.893
838.894
839.255
839.407
839.525
839.544
839.569
839.742
839.743
840.725
840.939
840.969
841.148
841.227
841.668
841.668
841.671
841.69
841.842
841.844
841.933
841.938
841.938
842.042
842.242
842.263
842.381
842.471
842.537
842.646
842.929
843.084
843.196
843.33
843.427
843.798
843.902
843.991
843.992
844.001
844.061
844.339
844.342
844.346
844.347
844.535
844.586
844.612
844.76
844.795
844.795
845.942
846.035
846.504
846.505
846.505
846.505
846.82
846.855
847.134
847.289
847.665
847.672
847.813
847.938
847.939
847.94
848.328
848.797
848.828
848.887
848.89
849.122
849.203
849.442
849.454
849.458
849.459
849.713
849.778
850.047
850.216
850.349
850.457
850.647
850.65
850.659
850.68
850.831
850.971
850.979
851.051
851.074
851.141
851.3
851.5
851.63
851.767
851.767
851.768
852.075
852.17
852.319
852.367
852.537
852.66
852.797
852.841
852.846
852.876
852.91
852.977
853.009
853.015
853.45
853.612
853.641
853.722
853.864
854.099
854.48
854.524
854.616
854.685
854.69
854.851
855.448
855.45
855.543
855.543
855.587
855.587
855.775
856.089
856.132
856.141
856.328
856.339
856.507
856.51
856.513
856.514
856.958
856.959
857.127
857.217
857.217
857.22
857.225
857.271
857.366
857.625
857.64
857.763
858.01
858.034
858.2
858.295
858.633
859.085
859.262
859.484
859.533
859.534
859.535
859.536
859.567
859.692
859.781
860.211
860.454
860.745
860.965
861.21
861.255
861.266
861.317
861.574
861.646
861.681
861.73
861.733
861.829
861.906
862.19
862.203
862.241
862.534
862.665
862.742
862.808
862.882
862.883
863.154
863.212
864.078
864.132
864.133
864.186
864.307
864.317
864.331
864.331
864.331
864.384
864.544
864.59
864.593
864.593
864.711
864.769
864.788
864.822
864.882
864.916
865.026
865.029
865.036
865.095
865.194
865.225
865.346
865.348
865.371
865.373
866.011
866.18
866.356
866.455
866.787
866.788
866.823
866.913
866.987
866.987
867.223
867.383
867.748
867.756
868.026
868.033
868.05
868.131
868.281
868.791
869.077
869.082
869.085
869.087
869.145
869.146
869.266
869.289
869.425
869.579
869.58
869.763
869.79
869.8
869.927
869.968
869.972
870
870.01
870.042
870.057
870.14
870.255
870.395
870.475
870.811
870.877
871.021
871.057
871.327
871.328
871.364
871.438
871.439
871.565
871.603
871.651
871.654
871.665
871.715
871.728
872.089
872.292
872.41
872.503
872.554
872.555
872.664
872.665
872.665
872.893
872.896
872.935
873.024
873.028
873.031
874.106
874.268
874.285
874.288
874.448
874.683
874.686
874.813
874.986
875.051
875.082
875.14
875.149
875.23
875.769
876.211
876.211
876.215
876.321
876.497
876.499
876.502
876.71
876.713
876.714
876.715
876.793
876.797
876.91
876.934
876.94
876.942
877.077
877.08
877.157
877.17
877.293
877.309
877.706
877.709
877.755
877.917
877.995
878.057
878.305
878.396
878.4
878.454
878.812
878.913
878.987
878.992
878.994
879.052
879.178
879.18
879.186
879.555
879.601
879.651
879.789
879.79
879.823
880.001
880.113
880.153
880.173
880.177
880.861
880.861
880.922
881.338
881.356
881.359
881.49
881.491
881.703
881.715
882.212
882.448
882.448
882.448
882.495
882.788
882.82
882.827
882.831
882.832
882.847
883.452
883.456
883.553
883.818
884.077
884.315
884.315
884.316
884.322
885.139
885.62
885.735
885.969
886.042
886.24
886.27
886.342
886.696
886.802
886.806
886.807
886.89
886.933
886.943
886.944
887.245
887.337
887.516
887.931
888.201
888.201
888.25
889.742
889.743
889.781
889.973
889.981
890.138
890.562
890.617
890.618
890.619
890.632
890.956
891.008
891.039
891.071
891.109
891.558
891.926
892.28
892.398
892.562
893.279
893.296
893.322
893.327
894.08
894.172
894.27
894.284
894.384
894.438
894.885
894.932
894.934
895
895.215
895.292
895.311
895.311
895.311
895.407
895.651
895.859
895.864
895.869
895.869
895.989
895.991
896.183
896.929
896.991
897.091
897.092
897.336
897.357
897.359
897.87
898.026
898.237
898.237
898.24
898.434
898.812
898.838
898.896
898.899
898.996
899.219
899.221
899.222
899.27
899.347
899.348
899.419
899.424
899.424
899.48
899.481
899.787
899.861
899.921
900.439
900.487
900.702
900.716
900.723
900.724
900.803
900.803
901.005
901.09
901.101
901.123
901.313
901.329
901.334
901.336
901.441
902.087
902.094
902.964
903.001
903.131
903.172
903.307
903.319
903.322
903.359
903.437
903.438
903.453
903.465
903.475
903.482
903.515
903.588
903.62
904.104
904.177
904.222
904.248
904.26
904.435
904.488
904.492
904.601
904.608
904.636
904.77
904.803
904.806
905.022
905.023
905.025
905.46
905.619
905.62
905.665
905.665
905.665
905.996
906.007
906.104
906.193
906.996
907.449
907.514
907.531
907.791
907.91
907.919
907.998
908.151
908.164
908.192
908.196
908.454
908.662
908.663
909.024
909.248
909.248
909.37
909.39
909.423
909.633
909.711
909.74
909.742
909.752
909.753
909.868
910.181
910.185
910.186
910.439
910.617
910.927
910.931
910.937
911.126
911.415
911.48
911.481
911.482
911.485
911.567
911.646
911.65
911.856
912.03
912.083
912.1
912.253
912.346
912.568
912.597
912.602
912.73
912.806
913.032
913.035
913.054
913.165
914.306
914.46
914.511
914.548
914.551
914.835
914.93
915.002
915.098
915.247
915.312
915.407
915.549
915.845
915.846
916.97
917.273
917.277
917.487
917.583
918.002
918.004
918.054
918.605
919.337
919.345
919.465
919.478
919.589
919.59
919.592
919.594
919.594
919.839
919.841
919.841
919.842
919.936
920.683
920.721
920.85
921.538
921.875
921.948
922.292
922.405
922.538
922.636
922.681
922.681
922.696
922.876
923.148
923.531
923.531
923.683
923.712
923.713
923.77
923.814
923.926
923.927
924.255
924.364
924.379
924.38
924.588
924.589
924.777
924.924
924.925
924.943
925.018
925.036
925.534
925.722
925.82
925.821
925.829
925.829
925.914
925.929
925.956
926.199
926.264
926.269
926.269
926.37
926.423
926.496
926.612
926.612
926.624
926.627
926.95
926.961
926.993
927.047
927.328
927.466
927.746
927.805
927.946
927.951
928.052
928.12
928.266
928.27
928.317
928.384
928.492
928.566
928.583
928.585
928.624
928.625
928.627
928.698
928.754
928.78
928.788
928.807
928.829
928.916
928.922
928.99
928.992
930.345
930.67
930.766
930.809
931.011
931.241
931.554
931.585
931.588
931.663
931.664
931.781
931.922
932.229
932.279
932.28
932.486
932.52
932.522
932.523
932.735
932.97
932.991
933.088
933.089
933.26
933.631
933.643
933.652
933.657
933.658
933.871
933.871
934.016
934.051
934.053
934.125
934.454
934.562
935.732
935.834
935.835
935.844
935.86
935.861
936.487
936.49
936.606
936.696
936.999
937
937.001
937.049
937.1
937.235
937.258
937.26
937.316
937.377
937.516
937.601
937.821
938.099
938.457
938.493
938.539
938.541
938.675
938.736
938.829
938.843
938.894
938.895
938.931
938.94
939.084
939.204
939.243
939.423
940.172
940.172
940.316
940.407
940.436
940.442
940.443
940.443
940.444
940.462
940.516
940.703
940.704
940.782
940.785
940.817
940.825
940.852
940.902
941.023
941.25
941.265
941.266
941.595
941.637
941.724
941.729
941.752
941.8
942.101
942.111
942.191
942.217
942.334
942.681
942.826
942.869
942.949
942.955
943
943.02
943.046
943.061
943.244
943.253
943.399
943.491
943.989
943.989
943.997
944.261
944.338
944.352
944.446
945.966
946.032
946.039
946.485
946.557
946.583
946.584
946.909
946.909
946.916
946.922
947.792
947.883
947.884
947.892
947.892
947.897
947.898
948.262
948.263
948.263
948.266
948.267
948.269
948.291
948.432
948.534
948.592
948.642
948.77
948.944
949.112
949.412
949.508
949.823
950.343
950.468
950.912
950.912
951.212
951.329
951.585
951.65
951.657
951.778
951.878
952.028
952.163
952.176
952.634
952.666
952.752
952.755
952.993
953.112
953.158
953.261
953.726
954.059
954.067
954.119
954.271
954.587
954.895
956.404
956.467
956.825
956.992
957.1
957.406
957.418
957.544
957.854
957.994
958.099
958.383
959.266
959.297
959.605
959.607
959.68
959.829
959.878
959.893
959.997
960.093
960.14
960.183
960.186
960.193
960.571
960.79
960.888
961.338
961.342
961.343
961.981
961.983
962.183
962.211
962.617
962.618
962.833
963.223
963.225
963.262
963.324
963.325
963.705
963.755
963.792
963.796
963.8
964.365
964.52
964.68
964.738
964.746
964.748
964.771
964.858
965.061
965.064
965.156
965.156
965.302
965.345
965.369
965.475
965.481
965.551
965.878
965.895
966.167
966.167
966.167
966.234
966.251
966.309
966.311
967.003
967.01
967.012
967.242
967.464
967.477
967.478
967.503
967.716
968.01
968.011
968.464
968.482
968.512
968.731
968.779
968.781
968.792
968.97
968.971
968.977
968.978
969.109
969.137
969.188
969.188
969.19
969.19
969.217
969.235
969.24
969.517
969.517
969.518
969.521
969.554
969.635
969.724
969.946
970.014
970.844
971.272
971.558
971.672
972.148
972.15
972.156
972.172
972.173
972.312
972.317
972.321
972.323
972.326
972.354
972.399
972.455
972.508
972.586
972.587
972.588
972.59
972.68
972.851
972.972
973.088
973.161
973.767
973.926
973.927
974.048
974.22
974.336
974.336
974.941
974.945
975.063
975.198
975.211
975.215
975.386
975.4
975.925
976.126
976.131
976.182
976.231
976.685
976.688
976.94
977.106
977.16
977.161
977.162
977.168
977.42
977.567
977.708
978.809
979.132
979.143
979.979
980.025
980.112
980.419
980.426
980.493
980.495
980.495
980.534
980.677
980.791
980.798
980.799
980.962
981.07
981.176
981.178
981.544
981.559
981.563
982.412
982.592
983.637
983.637
983.638
983.638
983.64
983.646
983.873
983.983
984.021
984.033
984.058
984.059
984.967
984.977
985.381
985.444
985.513
985.55
985.552
985.675
985.811
985.929
986.38
986.434
986.535
986.54
986.723
986.783
986.785
986.922
986.923
986.924
986.927
986.991
987.275
987.279
987.323
987.657
987.689
987.69
987.734
987.738
988.177
988.277
988.335
988.34
988.643
988.711
988.719
988.85
988.851
988.855
988.858
988.859
988.939
988.988
988.988
989.466
989.829
990.261
990.397
990.508
990.595
990.598
990.811
990.992
990.992
991.061
991.11
991.269
991.366
991.44
991.596
991.609
991.614
991.744
991.843
991.986
992.173
992.277
992.629
992.63
992.639
992.934
992.937
993.342
993.6
994.276
994.518
994.525
994.553
994.554
994.812
994.814
995.051
995.051
995.054
995.071
995.54
995.757
995.805
995.995
996.365
996.368
996.837
997.011
997.051
997.052
997.336
997.37
997.371
997.46
997.461
997.489
997.509
997.658
997.687
997.792
997.851
997.904
997.916
997.917
998.024
998.338
998.339
998.369
998.468
998.469
998.533
998.651
999.223
999.333
999.496
999.512
999.513
999.514
999.718
999.807
999.81
999.812
999.928
1000.04
1000.18
1000.31
1000.37
1000.37
1000.44
1000.49
1000.49
1000.63
1000.66
1000.87
1000.9
1000.9
1000.93
1001.04
1001.09
1001.1
1001.1
1001.5
1001.56
1001.63
1001.63
1002.16
1002.16
1002.16
1002.35
1002.49
1002.89
1002.89
1002.91
1002.91
1003.06
1003.33
1003.4
1003.52
1003.54
1003.54
1003.6
1003.61
1003.66
1003.7
1003.7
1004.18
1004.26
1004.27
1004.27
1004.31
1004.31
1004.31
1004.38
1004.38
1004.44
1004.51
1004.51
1004.61
1004.62
1004.65
1004.99
1005.13
1005.17
1005.17
1005.2
1005.24
1005.24
1005.24
1005.24
1005.24
1005.3
1005.39
1005.43
1005.43
1005.69
1005.86
1005.97
1006.01
1006.02
1006.06
1006.06
1006.06
1006.06
1006.06
1006.11
1006.24
1006.33
1006.35
1006.48
1006.75
1006.86
1007.06
1007.08
1007.11
1007.11
1007.12
1007.12
1007.12
1007.21
1007.8
1007.92
1007.96
1008.21
1008.22
1008.27
1008.28
1008.28
1008.67
1009.82
1010.37
1010.41
1010.58
1010.69
1010.75
1010.75
1011.18
1011.19
1011.31
1011.63
1011.93
1012.54
1013.06
1013.11
1013.2
1013.23
1013.51
1014.05
1014.14
1014.48
1014.75
1014.76
1014.79
1014.79
1014.8
1014.87
1014.9
1015.07
1015.13
1015.27
1015.36
1015.36
1015.5
1015.54
1015.64
1015.77
1015.83
1015.85
1015.92
1015.92
1015.97
1016.49
1016.59
1016.95
1016.98
1016.98
1016.98
1017.02
1017.49
1017.51
1017.74
1017.74
1017.9
1018.02
1018.13
1018.33
1018.57
1018.66
1018.89
1018.91
1019.15
1019.26
1019.41
1019.58
1019.62
1019.69
1019.71
1019.74
1019.86
1020.1
1020.16
1020.17
1020.19
1020.53
1020.66
1020.66
1020.67
1020.86
1020.94
1021.3
1021.5
1021.61
1021.79
1021.83
1021.97
1022.12
1022.25
1022.99
1023.09
1023.2
1023.21
1023.26
1023.62
1023.7
1023.71
1023.73
1023.8
1023.8
1023.89
1024.33
1024.34
1024.57
1025.09
1025.09
1025.32
1025.4
1025.47
1025.55
1025.7
1025.74
1025.83
1025.84
1025.84
1025.84
1025.98
1026.21
1026.51
1026.58
1026.68
1026.69
1026.99
1027.11
1027.21
1027.21
1027.25
1027.31
1027.57
1027.74
1027.74
1027.8
1027.92
1027.93
1028.1
1028.12
1028.29
1028.4
1028.73
1028.9
1028.99
1029.14
1029.25
1029.33
1029.45
1029.71
1030
1030.16
1030.67
1031.02
1031.06
1031.06
1031.15
1031.15
1031.25
1031.25
1031.46
1031.46
1031.51
1031.59
1031.68
1031.72
1031.8
1031.96
1032.1
1032.32
1032.36
1032.4
1032.51
1032.68
1032.68
1032.82
1032.92
1033.13
1033.16
1033.35
1033.45
1033.6
1033.81
1033.89
1033.93
1033.94
1034.02
1034.27
1034.29
1034.59
1034.79
1034.79
1034.83
1034.89
1034.89
1034.93
1034.93
1034.97
1035.01
1035.04
1035.12
1035.12
1035.12
1035.14
1035.47
1035.63
1036.03
1036.85
1036.86
1036.96
1037.03
1037.51
1037.51
1037.51
1038.04
1038.04
1038.07
1038.29
1038.32
1038.44
1038.54
1038.64
1038.74
1038.75
1038.8
1039.15
1039.15
1039.2
1039.2
1039.29
1039.34
1039.34
1039.37
1039.59
1039.97
1039.98
1040.07
1040.13
1040.79
1041.15
1041.22
1041.32
1041.33
1041.43
1041.44
1041.44
1041.44
1041.46
1041.48
1041.48
1041.48
1041.65
1041.76
1041.79
1041.79
1041.79
1041.92
1042.05
1042.06
1042.26
1042.4
1042.4
1042.58
1042.66
1042.75
1042.78
1042.79
1042.85
1042.86
1042.89
1043.14
1043.14
1043.16
1043.16
1043.26
1043.32
1043.32
1043.32
1043.51
1043.92
1043.94
1043.94
1043.96
1044.17
1044.71
1044.72
1044.72
1044.72
1044.73
1045.36
1045.49
1045.54
1045.62
1045.62
1045.69
1045.75
1045.77
1046.2
1046.29
1046.32
1046.54
1046.54
1046.54
1046.58
1046.58
1046.62
1047.07
1047.07
1047.2
1047.2
1047.33
1047.65
1047.65
1047.65
1047.71
1047.9
1048.14
1048.2
1048.27
1048.28
1048.28
1048.54
1048.79
1049.07
1049.08
1049.08
1049.08
1049.08
1049.11
1049.13
1049.2
1049.26
1049.33
1049.35
1049.35
1049.57
1050.58
1050.83
1051
1051.02
1051.1
1051.3
1051.3
1051.36
1051.38
1051.69
1051.95
1052.41
1052.41
1052.62
1052.82
1052.82
1052.95
1052.95
1053.14
1053.14
1053.3
1053.3
1053.33
1053.53
1053.59
1053.66
1054.02
1054.05
1054.09
1054.09
1054.16
1054.42
1054.42
1054.44
1054.49
1054.5
1054.7
1054.73
1054.74
1054.8
1055.03
1055.03
1055.22
1055.25
1055.27
1055.34
1055.86
1056.02
1056.53
1056.8
1056.86
1056.87
1057.14
1057.36
1057.36
1057.65
1057.68
1057.7
1057.84
1057.87
1057.93
1057.94
1058
1058
1058.13
1058.2
1058.21
1058.25
1058.37
1058.55
1058.88
1058.89
1059.33
1059.43
1059.43
1059.55
1059.82
1060.44
1060.44
1060.7
1061.08
1061.21
1061.49
1061.51
1062.54
1062.97
1063.13
1063.29
1063.5
1063.9
1063.99
1063.99
1063.99
1063.99
1064.04
1064.33
1064.33
1064.35
1064.35
1064.53
1064.59
1064.59
1064.73
1064.77
1064.77
1064.77
1064.81
1064.82
1065.04
1065.06
1065.06
1065.11
1065.12
1065.14
1065.56
1065.87
1065.88
1065.89
1065.92
1065.92
1065.97
1065.97
1065.97
1065.97
1066.05
1066.05
1066.09
1066.17
1066.32
1066.46
1066.51
1066.52
1066.75
1066.75
1066.92
1066.97
1066.97
1067.06
1067.12
1067.13
1067.19
1067.44
1067.71
1067.83
1067.96
1068.23
1069.17
1069.19
1069.33
1069.6
1069.62
1069.77
1069.91
1069.98
1069.98
1070.05
1070.12
1070.12
1070.76
1070.8
1071.33
1071.45
1071.52
1071.52
1071.72
1071.72
1071.72
1072.2
1072.27
1072.4
1072.47
1072.6
1072.6
1072.71
1072.71
1072.77
1072.94
1072.97
1073.13
1073.15
1073.24
1073.51
1073.52
1073.52
1073.54
1073.91
1074.02
1074.13
1074.13
1074.13
1074.13
1074.15
1074.33
1074.36
1074.51
1074.63
1074.69
1074.72
1074.94
1074.94
1074.95
1074.97
1074.97
1074.97
1075.03
1075.03
1075.05
1075.05
1075.14
1075.26
1075.26
1075.35
1075.47
1075.55
1075.65
1075.76
1075.89
1075.95
1076.04
1076.39
1076.65
1076.66
1076.97
1077.13
1077.15
1077.17
1077.2
1077.2
1077.26
1077.29
1077.63
1077.94
1077.97
1077.97
1078.44
1078.57
1079.14
1079.15
1079.33
1079.34
1079.43
1079.47
1079.75
1079.98
1080.08
1080.17
1080.59
1080.74
1080.76
1081.09
1081.09
1081.09
1081.36
1081.36
1081.87
1081.92
1082.08
1082.35
1082.35
1082.38
1082.45
1082.45
1082.45
1083.25
1083.25
1083.29
1083.39
1083.42
1083.42
1083.42
1083.43
1083.56
1083.72
1083.84
1084.23
1084.24
1084.24
1084.74
1084.82
1085.08
1085.21
1085.5
1085.68
1085.97
1086.04
1086.15
1086.79
1086.97
1086.99
1087.24
1087.29
1087.43
1087.55
1087.77
1087.87
1087.87
1087.89
1087.98
1087.98
1088.03
1088.03
1088.31
1088.31
1088.32
1088.39
1088.46
1088.47
1088.5
1088.51
1088.51
1088.61
1088.92
1088.99
1089
1089.1
1089.3
1089.35
1089.74
1090.06
1090.06
1090.08
1090.36
1091.22
1091.22
1091.39
1091.71
1091.87
1091.91
1092.17
1092.2
1092.2
1092.33
1092.36
1092.53
1092.55
1092.64
1092.65
1092.66
1092.87
1092.88
1092.92
1093.02
1093.07
1093.2
1093.43
1093.54
1093.73
1093.94
1093.94
1093.99
1094.08
1094.88
1095.03
1095.1
1095.15
1095.18
1095.19
1095.73
1096.18
1096.39
1096.39
1096.41
1096.58
1096.65
1096.65
1096.69
1097.02
1097.03
1097.11
1097.12
1097.21
1097.93
1098.06
1098.16
1098.16
1098.27
1098.27
1098.36
1098.41
1098.49
1098.75
1098.89
1098.9
1098.99
1098.99
1099
1099.02
1099.07
1099.15
1099.68
1099.74
1099.98
1100.13
1100.16
1100.23
1100.27
1100.27
1100.28
1100.31
1100.48
1100.66
1100.66
1100.66
1100.69
1100.69
1100.71
1100.9
1100.91
1101.06
1101.09
1101.22
1101.26
1101.26
1101.28
1101.68
1101.68
1101.71
1101.71
1102.67
1102.67
1102.68
1102.76
1102.76
1103.54
1103.62
1103.71
1104.19
1104.2
1104.25
1104.25
1104.49
1104.74
1105.41
1105.41
1105.57
1105.59
1105.59
1105.62
1105.92
1106.1
1106.4
1106.41
1106.42
1106.48
1106.62
1106.63
1106.76
1106.76
1106.87
1106.92
1107.29
1107.73
1107.91
1108.21
1109.29
1109.36
1109.41
1109.46
1109.48
1109.74
1109.74
1109.99
1110.09
1110.09
1110.16
1110.34
1110.34
1110.52
1110.52
1110.52
1110.53
1110.53
1111.33
1111.33
1111.66
1111.7
1111.79
1112.18
1112.29
1112.29
1113.28
1113.38
1113.56
1113.59
1113.72
1113.72
1113.72
1114.17
1114.3
1114.37
1114.38
1114.41
1114.41
1114.58
1114.58
1114.62
1115.1
1115.26
1115.26
1115.42
1115.43
1115.56
1116
1116.09
1116.14
1116.17
1116.18
1116.22
1116.22
1116.26
1116.26
1116.27
1116.27
1116.31
1116.41
1116.86
1116.95
1117.2
1117.2
1117.4
1117.56
1118
1118.08
1118.11
1118.11
1118.15
1118.18
1118.25
1118.63
1118.69
1118.69
1118.7
1118.7
1118.7
1118.71
1118.84
1118.85
1118.85
1118.85
1118.85
1119.05
1119.13
1119.2
1119.28
1119.44
1119.45
1119.45
1119.45
1119.55
1119.56
1119.69
1120.15
1120.38
1120.44
1120.52
1120.53
1120.64
1120.92
1121.11
1121.11
1121.12
1121.21
1121.21
1121.48
1121.54
1121.66
1121.8
1121.85
1122.14
1122.16
1122.18
1122.29
1122.79
1122.81
1122.81
1122.97
1122.98
1123.19
1123.32
1123.33
1123.33
1123.44
1123.5
1123.51
1123.57
1123.8
1124.14
1124.18
1124.2
1124.2
1124.4
1124.62
1124.63
1124.63
1124.76
1124.77
1125.04
1125.05
1125.05
1125.29
1125.51
1125.68
1125.73
1125.73
1125.8
1125.86
1126.01
1126.01
1126.01
1126.32
1126.32
1126.35
1127.04
1127.34
1127.38
1127.43
1127.57
1127.91
1127.93
1127.93
1128
1128.18
1128.3
1128.43
1128.6
1128.8
1128.8
1129.1
1129.24
1129.27
1129.55
1129.55
1129.57
1129.63
1129.71
1130
1130.06
1130.06
1130.23
1130.39
1130.63
1130.66
1130.8
1130.89
1130.95
1131.17
1131.18
1131.2
1131.4
1131.46
1131.84
1131.91
1131.96
1132.01
1132.03
1132.09
1132.33
1132.59
1132.59
1132.6
1132.67
1132.67
1132.68
1132.73
1132.93
1133.07
1133.17
1133.18
1133.18
1133.19
1133.19
1133.2
1133.2
1133.2
1133.22
1133.27
1133.54
1133.73
1133.89
1134.01
1134.24
1134.25
1134.32
1134.54
1134.71
1134.71
1134.72
1134.79
1135.05
1135.16
1135.23
1135.24
1135.31
1135.34
1135.37
1135.45
1135.61
1135.64
1135.82
1135.84
1135.99
1136.19
1136.19
1136.22
1136.22
1136.22
1136.5
1136.76
1137.09
1137.1
1137.1
1137.52
1137.52
1137.59
1137.69
1138.05
1138.57
1138.63
1138.82
1139.13
1139.13
1139.13
1139.22
1139.22
1139.33
1139.55
1139.79
1140.53
1140.68
1140.68
1140.69
1140.69
1140.81
1140.97
1140.97
1141.57
1141.57
1141.57
1141.93
1142.06
1142.23
1142.25
1142.25
1142.27
1142.41
1142.41
1142.41
1142.41
1142.78
1142.78
1142.79
1142.79
1142.79
1142.87
1142.91
1142.96
1142.97
1143.09
1143.09
1143.22
1143.22
1143.34
1143.34
1143.34
1143.42
1143.56
1143.56
1143.6
1143.6
1143.6
1143.9
1144.14
1144.14
1144.34
1144.34
1144.4
1144.55
1144.61
1144.67
1144.69
1144.78
1144.94
1144.94
1145.04
1145.06
1145.1
1145.1
1145.1
1145.25
1145.25
1145.29
1145.31
1145.53
1145.75
1145.95
1145.95
1145.95
1145.95
1146.08
1146.3
1146.31
1146.51
1146.82
1146.87
1146.91
1146.95
1146.95
1146.95
1146.97
1147.06
1147.07
1147.14
1147.19
1147.19
1147.43
1147.47
1147.47
1147.47
1147.47
1147.54
1147.54
1147.63
1147.86
1147.94
1147.95
1148.06
1148.06
1148.36
1148.54
1148.71
1148.74
1148.85
1148.89
1149.24
1149.28
1149.44
1149.47
1149.49
1149.55
1149.58
1149.67
1150.05
1150.05
1150.11
1150.17
1150.17
1150.17
1150.18
1150.21
1150.21
1150.24
1150.43
1150.79
1151.19
1151.19
1151.26
1151.44
1151.6
1151.67
1151.67
1151.69
1151.7
1151.93
1152.05
1152.11
1152.19
1152.27
1152.39
1152.48
1153.01
1153.02
1153.03
1153.22
1153.44
1153.48
1153.93
1153.96
1153.96
1154.6
1154.6
1154.64
1154.68
1154.68
1155.33
1155.33
1155.43
1155.43
1155.87
1155.92
1155.93
1155.94
1155.94
1155.94
1155.95
1156
1156.01
1156.13
1156.16
1156.24
1156.36
1156.51
1156.66
1157.23
1157.4
1157.4
1157.47
1157.47
1157.48
1157.48
1157.48
1157.48
1157.51
1157.7
1158.16
1158.17
1158.2
1158.22
1158.24
1158.24
1158.24
1158.33
1158.7
1158.83
1159.06
1159.34
1159.47
1159.47
1159.68
1159.91
1160.23
1160.33
1160.48
1160.54
1160.7
1160.88
1160.89
1160.93
1161.24
1161.81
1161.98
1161.98
1162.2
1162.28
1162.39
1162.4
1163.06
1163.7
1163.9
1163.94
1163.94
1164.63
1164.76
1165.6
1165.86
1166.02
1166.05
1166.42
1166.47
1166.68
1167.43
1167.61
1167.74
1167.95
1167.95
1168.03
1168.03
1168.84
1168.84
1168.84
1169.4
1169.42
1169.52
1169.58
1169.58
1169.6
1169.63
1169.64
1169.67
1169.67
1169.72
1169.72
1169.76
1170.22
1170.22
1170.24
1170.32
1170.32
1170.33
1170.35
1170.35
1170.39
1170.58
1171.49
1171.52
1171.83
1171.92
1171.92
1171.98
1171.98
1171.99
1172
1172.81
1172.95
1172.95
1173.08
1173.08
1173.1
1173.18
1173.21
1173.22
1173.22
1173.66
1173.66
1173.75
1173.79
1173.88
1173.88
1173.92
1174.03
1174.06
1174.38
1174.5
1174.72
1174.88
1174.88
1175.36
1175.37
1175.5
1175.5
1175.51
1175.63
1175.63
1175.65
1175.74
1175.9
1175.95
1176.09
1176.12
1176.13
1176.5
1176.6
1176.66
1177.2
1177.2
1177.38
1177.38
1177.45
1177.69
1177.84
1177.96
1178.07
1178.18
1178.19
1178.45
1178.59
1178.7
1179.2
1179.41
1179.71
1179.75
1179.76
1179.76
1179.85
1180
1180.01
1180.12
1180.12
1180.15
1180.38
1180.41
1180.52
1180.83
1180.83
1180.91
1180.94
1180.94
1180.99
1181.09
1181.19
1181.28
1181.31
1181.33
1181.4
1181.41
1181.41
1181.41
1181.67
1181.74
1181.87
1182.17
1182.17
1182.17
1182.17
1182.17
1182.17
1182.93
1182.93
1182.99
1183.05
1183.12
1183.25
1183.25
1183.25
1183.26
1183.41
1183.53
1183.65
1183.69
1183.83
1183.84
1183.84
1183.96
1183.96
1183.96
1184.11
1184.14
1184.35
1184.49
1184.49
1184.5
1184.78
1184.78
1184.84
1185.09
1185.3
1185.3
1185.3
1185.63
1185.78
1185.87
1185.93
1186.31
1186.57
1186.58
1186.82
1186.96
1186.96
1187.09
1187.15
1187.29
1187.3
1187.51
1187.58
1187.6
1187.6
1187.6
1188.15
1188.16
1188.16
1188.7
1189.1
1189.11
1189.32
1189.83
1189.83
1189.83
1189.83
1189.84
1190.29
1190.29
1190.36
1190.5
1190.88
1191.35
1191.37
1191.5
1191.51
1191.55
1191.56
1191.69
1191.82
1191.82
1191.86
1191.89
1191.97
1192.01
1192.07
1192.16
1192.17
1192.17
1192.17
1192.18
1192.22
1192.26
1192.26
1192.31
1192.38
1192.55
1192.56
1192.56
1192.68
1193.24
1193.3
1193.36
1193.36
1193.38
1193.6
1193.76
1193.77
1193.78
1193.85
1193.9
1194.21
1194.54
1195.72
1195.78
1195.9
1196.62
1196.65
1196.72
1196.73
1196.78
1196.78
1196.78
1196.82
1196.82
1196.82
1196.88
1196.89
1196.9
1197
1197
1197.38
1197.41
1197.45
1197.46
1197.77
1197.82
1197.86
1197.92
1197.95
1197.96
1198.05
1198.24
1198.56
1198.8
1198.82
1199.11
1199.16
1199.35
1199.35
1199.39
1199.54
1199.6
1199.77
1200.07
1200.07
1200.13
1200.24
1200.24
1200.24
1200.24
1200.25
1200.64
1200.89
1201.02
1201.02
1201.16
1201.16
1201.16
1201.2
1202.08
1202.34
1202.42
1202.51
1202.72
1202.87
1202.87
1203.1
1203.1
1203.49
1203.72
1203.72
1203.74
1203.76
1204.04
1204.19
1205.01
1205.02
1205.03
1205.43
1205.44
1205.46
1205.46
1205.73
1206.09
1206.23
1206.8
1207
1207.04
1207.36
1207.41
1207.76
1207.83
1208.11
1208.13
1208.72
1209.15
1209.35
1209.35
1209.64
1209.71
1209.76
1209.76
1209.83
1209.84
1209.84
1209.98
1210.01
1210.62
1210.65
1211.48
1211.61
1211.64
1211.7
1211.9
1212.04
1212.04
1212.29
1212.39
1212.69
1213.07
1213.18
1213.31
1213.31
1213.39
1213.55
1213.66
1213.66
1213.66
1213.85
1213.88
1213.92
1213.96
1213.96
1213.96
1214.09
1214.2
1214.23
1214.23
1214.35
1214.43
1214.63
1214.8
1214.8
1215.14
1215.14
1215.2
1215.3
1215.45
1215.48
1215.75
1215.75
1215.75
1215.75
1215.77
1215.77
1215.81
1215.85
1216.04
1216.04
1216.06
1216.07
1216.08
1216.08
1216.08
1216.08
1216.13
1216.2
1216.27
1216.31
1216.38
1216.59
1216.64
1216.75
1216.8
1216.85
1216.87
1216.87
1216.92
1216.92
1216.97
1217.14
1217.37
1217.4
1217.49
1217.59
1217.59
1217.59
1217.59
1217.59
1217.67
1217.75
1217.83
1218.08
1218.14
1218.41
1218.61
1218.61
1218.61
1218.62
1218.63
1218.84
1218.9
1218.9
1218.93
1218.94
1218.95
1218.95
1218.96
1219.08
1219.08
1219.09
1219.1
1219.12
1219.25
1219.41
1219.41
1219.41
1219.49
1219.89
1219.92
1219.93
1220.1
1220.1
1220.1
1220.14
1220.14
1220.7
1220.7
1221.21
1221.21
1221.22
1221.27
1221.27
1221.57
1221.73
1222.26
1222.53
1222.55
1223.16
1223.16
1223.31
1223.61
1223.61
1223.63
1223.66
1223.66
1223.81
1223.81
1223.86
1223.86
1224.08
1224.09
1224.45
1224.45
1224.5
1224.67
1224.73
1224.77
1224.77
1225.17
1225.76
1225.77
1225.77
1225.83
1226.12
1226.18
1226.2
1226.23
1226.42
1226.5
1226.56
1226.81
1226.87
1226.87
1226.87
1226.87
1226.89
1227.04
1227.04
1227.05
1227.11
1227.11
1227.11
1227.18
1227.18
1227.3
1227.64
1227.77
1227.88
1228.12
1228.12
1228.14
1228.14
1228.15
1228.15
1228.28
1228.46
1228.66
1228.72
1228.81
1228.91
1229.01
1229.01
1229.53
1229.71
1229.82
1230.4
1230.58
1230.88
1230.96
1230.97
1231.27
1231.6
1231.61
1231.62
1231.84
1231.85
1231.95
1232.14
1232.71
1232.8
1232.8
1232.89
1232.98
1233.03
1233.04
1233.06
1233.06
1233.12
1233.13
1233.3
1233.36
1234.01
1234.05
1234.42
1234.47
1234.54
1235.05
1235.05
1235.31
1235.31
1235.41
1235.41
1235.65
1235.76
1235.85
1235.87
1236.21
1236.39
1236.42
1236.43
1236.48
1236.71
1236.82
1237.06
1237.17
1237.32
1237.39
1237.4
1237.49
1237.5
1237.78
1237.85
1237.85
1237.85
1237.88
1237.9
1238.23
1238.41
1238.45
1238.63
1238.66
1238.97
1238.98
1239.37
1239.37
1240.08
1240.26
1240.26
1240.29
1240.67
1240.89
1240.93
1240.93
1240.96
1240.96
1240.96
1240.96
1241.09
1241.25
1241.64
1241.83
1241.83
1242.02
1242.06
1242.07
1242.7
1242.77
1242.79
1243.2
1243.2
1243.46
1243.48
1243.79
1243.97
1243.97
1243.99
1244.29
1244.41
1244.51
1244.51
1244.51
1244.62
1244.62
1244.74
1244.74
1244.78
1245.01
1245.01
1245.58
1245.65
1245.65
1245.67
1245.82
1246.1
1246.33
1246.61
1246.65
1246.71
1246.71
1246.79
1246.95
1247.63
1248.2
1248.79
1249.41
1249.44
1249.78
1249.78
1249.78
1249.78
1249.79
1250.27
1250.3
1250.43
1250.57
1250.57
1250.73
1250.78
1250.96
1250.97
1251.03
1251.03
1251.03
1251.04
1251.08
1251.16
1251.5
1251.51
1251.51
1251.52
1252.02
1252.14
1252.16
1252.16
1252.2
1252.29
1252.73
1253.04
1253.17
1253.3
1253.31
1253.31
1253.31
1253.38
1253.54
1253.57
1253.84
1254.46
1255.09
1255.46
1256.48
1256.59
1256.6
1256.6
1257.01
1257.1
1257.31
1257.32
1257.32
1257.43
1257.53
1257.57
1257.61
1257.74
1257.74
1257.74
1257.8
1257.87
1258.2
1258.24
1258.24
1258.73
1258.87
1259.01
1259.03
1259.11
1260.04
1260.64
1260.65
1260.81
1260.81
1260.81
1260.94
1261.03
1261.36
1261.36
1261.55
1261.6
1261.69
1261.93
1261.93
1262.03
1262.11
1262.14
1262.7
1262.71
1262.71
1262.71
1262.72
1262.93
1263.01
1263.01
1263.13
1263.57
1263.6
1263.73
1263.99
1264.16
1264.16
1264.44
1264.45
1264.45
1264.52
1264.65
1264.66
1264.68
1264.81
1264.96
1265.38
1265.93
1265.94
1265.99
1266.16
1266.16
1266.74
1266.74
1267.03
1267.04
1267.09
1267.18
1267.4
1267.58
1267.67
1267.69
1267.75
1267.8
1268.32
1268.38
1268.41
1268.47
1268.92
1269.14
1269.32
1269.48
1269.48
1269.61
1269.72
1269.73
1269.95
1269.95
1270.14
1270.34
1270.51
1270.51
1270.51
1270.53
1270.95
1271.01
1271.01
1271.03
1271.49
1271.49
1271.5
1271.5
1271.64
1271.64
1271.66
1272
1272.2
1272.2
1272.3
1272.44
1272.51
1272.89
1272.9
1273.04
1273.05
1273.05
1273.05
1273.08
1273.09
1273.11
1273.11
1273.12
1273.22
1273.26
1273.27
1273.27
1273.35
1273.42
1273.62
1273.62
1273.65
1273.93
1273.93
1274.54
1274.94
1275.15
1275.44
1275.6
1275.6
1275.63
1275.79
1275.79
1275.85
1276.03
1276.05
1276.18
1276.3
1276.34
1276.34
1276.43
1276.43
1276.78
1276.78
1276.78
1276.78
1276.83
1276.88
1277.06
1277.06
1277.06
1277.06
1277.09
1277.11
1277.17
1277.49
1277.65
1277.65
1277.65
1277.65
1277.65
1277.85
1277.86
1278.36
1278.63
1278.63
1278.8
1278.97
1279
1279.25
1279.34
1279.34
1279.35
1279.38
1279.39
1279.52
1279.52
1279.52
1279.63
1279.63
1279.69
1279.71
1279.75
1280.02
1280.02
1280.03
1280.03
1280.13
1280.2
1280.24
1280.33
1280.33
1280.44
1280.44
1280.71
1281.54
1281.83
1281.86
1281.91
1282.07
1282.07
1282.27
1282.45
1282.53
1282.53
1282.54
1282.57
1282.58
1282.62
1282.62
1282.79
1282.93
1282.97
1282.97
1282.97
1283.13
1283.18
1283.18
1283.37
1283.72
1283.73
1283.77
1284.08
1284.18
1284.27
1284.27
1284.69
1284.73
1284.88
1285.45
1285.49
1285.5
1285.63
1286
1286
1286.02
1286.34
1286.35
1286.38
1286.72
1286.93
1287.08
1287.49
1287.52
1287.54
1287.8
1287.82
1287.92
1288
1288.18
1288.28
1288.28
1288.47
1288.8
1288.8
1288.8
1288.8
1288.82
1288.96
1289.17
1289.39
1289.43
1289.46
1289.56
1289.69
1289.86
1290.12
1290.12
1290.22
1290.34
1290.34
1290.35
1290.39
1290.47
1290.9
1290.92
1290.99
1291.32
1291.34
1291.34
1291.34
1291.45
1291.45
1291.75
1291.98
1292.5
1292.5
1292.64
1292.84
1292.86
1292.9
1292.94
1293.05
1293.08
1293.11
1293.14
1293.23
1293.25
1293.51
1293.65
1293.96
1294.16
1294.21
1294.38
1294.38
1294.5
1294.92
1294.92
1294.92
1295.17
1295.37
1295.45
1295.88
1295.9
1295.9
1296.48
1296.82
1297.07
1297.55
1297.9
1297.91
1297.93
1298
1298
1298.32
1298.32
1298.34
1298.34
1298.34
1298.44
1298.45
1298.59
1298.59
1298.69
1298.75
1298.79
1298.94
1298.94
1298.95
1298.95
1299.05
1299.25
1299.26
1299.6
1299.78
1299.82
1299.84
1299.93
1299.95
1300.23
1300.26
1300.34
1300.58
1300.65
1300.9
1300.94
1301.02
1301.16
1301.84
1302.24
1302.25
1302.65
1302.68
1302.82
1303.01
1303.01
1303.02
1303.14
1303.14
1303.15
1303.28
1303.39
1303.63
1303.63
1303.78
1303.9
1304.41
1304.64
1304.83
1304.92
1304.96
1304.96
1304.97
1304.97
1305.01
1305.02
1305.1
1305.27
1305.46
1305.63
1305.87
1306.03
1306.29
1306.33
1306.42
1306.47
1306.61
1306.78
1306.78
1306.87
1306.87
1306.88
1306.96
1307
1307
1307.12
1307.16
1307.24
1307.24
1307.24
1307.26
1307.26
1307.27
1307.51
1307.67
1307.9
1307.93
1307.93
1307.99
1308.14
1308.45
1308.52
1308.55
1308.65
1308.66
1308.66
1308.81
1308.96
1309.13
1309.14
1309.19
1309.26
1309.29
1309.3
1309.41
1309.74
1309.74
1309.77
1310.16
1310.35
1310.8
1310.81
1310.81
1310.85
1311.04
1311.05
1311.12
1311.22
1311.46
1311.57
1311.57
1311.92
1312.09
1312.47
1313.01
1313.01
1313.44
1313.55
1313.82
1313.82
1313.83
1313.86
1313.9
1313.99
1313.99
1314.72
1315.15
1315.17
1315.18
1315.19
1315.19
1315.25
1315.25
1315.53
1315.81
1315.99
1316.33
1316.34
1316.38
1316.83
1316.83
1316.92
1317.25
1317.25
1317.25
1317.25
1317.62
1317.79
1317.87
1318.01
1318.01
1318.19
1318.3
1318.6
1319.08
1319.38
1319.38
1319.5
1319.72
1319.72
1319.72
1319.72
1319.72
1319.73
1319.75
1319.75
1319.75
1319.81
1319.87
1320.01
1320.19
1320.34
1320.41
1320.65
1320.65
1320.91
1320.92
1321.07
1321.45
1321.45
1321.64
1321.64
1321.7
1321.7
1321.99
1322.02
1322.06
1322.35
1322.83
1322.84
1322.89
1323.04
1323.05
1323.05
1323.05
1323.05
1323.1
1323.26
1323.35
1323.53
1323.69
1323.7
1323.78
1323.87
1324.02
1324.25
1324.7
1324.92
1324.92
1325.03
1325.11
1325.25
1325.27
1325.47
1325.47
1325.57
1325.85
1325.92
1326.01
1327.1
1327.15
1327.36
1327.46
1327.89
1327.89
1327.89
1327.91
1327.91
1328.06
1328.14
1328.17
1328.58
1328.73
1328.73
1328.77
1328.78
1328.81
1328.82
1329.35
1329.72
1329.73
1329.77
1329.77
1329.77
1329.84
1329.93
1329.98
1329.98
1330.09
1330.09
1330.09
1330.13
1330.29
1330.95
1330.97
1331.24
1331.52
1331.55
1331.58
1331.93
1331.94
1332.08
1332.18
1332.25
1332.41
1332.49
1332.49
1332.57
1332.71
1332.71
1332.99
1333.06
1333.24
1333.29
1333.56
1333.63
1333.63
1333.68
1333.93
1334.03
1334.13
1334.13
1334.35
1334.45
1334.45
1334.48
1334.5
1334.54
1334.57
1334.6
1334.9
1335.4
1335.43
1335.45
1335.73
1335.73
1335.83
1335.83
1335.93
1336.58
1336.6
1336.63
1336.9
1336.96
1336.98
1337.15
1337.25
1337.25
1337.39
1337.82
1337.86
1337.87
1337.89
1338
1338
1338.16
1338.22
1338.24
1338.33
1338.34
1338.56
1339.11
1339.11
1339.11
1339.11
1339.23
1339.23
1339.27
1339.36
1339.5
1339.51
1339.56
1339.56
1339.62
1339.81
1339.81
1339.9
1340.46
1340.54
1340.58
1340.71
1340.82
1340.83
1340.92
1340.93
1341.02
1341.11
1341.15
1341.34
1341.59
1341.62
1341.88
1342.09
1342.09
1342.18
1342.38
1342.74
1342.98
1343.02
1343.58
1343.62
1343.8
1343.99
1344.66
1344.9
1344.91
1344.91
1345.28
1345.64
1345.94
1345.95
1345.95
1346.08
1346.09
1346.1
1346.1
1346.26
1346.41
1346.46
1346.46
1346.47
1346.66
1346.66
1346.66
1346.67
1346.92
1347.27
1347.43
1347.62
1347.69
1347.69
1347.69
1347.69
1347.86
1347.99
1348.15
1348.16
1348.16
1348.38
1348.6
1348.63
1349.11
1349.11
1349.12
1349.35
1349.41
1349.62
1349.7
1349.81
1350.09
1350.16
1350.66
1350.66
1350.66
1350.66
1350.67
1350.81
1350.92
1351.06
1351.27
1351.28
1351.34
1351.87
1351.87
1351.93
1351.93
1351.99
1352.16
1352.2
1352.98
1353.02
1353.54
1353.54
1353.55
1353.55
1354.13
1354.18
1354.18
1354.5
1354.5
1354.5
1355.12
1355.24
1355.27
1355.31
1355.31
1355.37
1355.55
1355.62
1355.62
1355.62
1355.8
1355.81
1355.85
1356.08
1356.29
1356.39
1356.4
1356.53
1356.54
1356.54
1356.54
1356.54
1356.58
1356.78
1356.89
1357.16
1357.55
1357.59
1357.68
1357.94
1357.99
1357.99
1357.99
1358.03
1358.03
1358.04
1358.17
1358.69
1358.73
1358.87
1359.32
1359.49
1359.49
1359.89
1359.92
1359.92
1359.92
1359.93
1360.01
1360.29
1360.29
1360.4
1360.44
1360.53
1360.59
1360.61
1360.85
1360.85
1361.19
1361.24
1361.24
1361.42
1361.6
1361.83
1361.83
1361.9
1362.05
1362.08
1362.1
1362.19
1362.6
1363.23
1363.24
1363.25
1363.93
1364.29
1364.29
1364.43
1364.45
1364.46
1364.76
1365.06
1365.37
1365.5
1365.5
1365.62
1365.65
1365.65
1365.66
1365.76
1365.87
1366.29
1366.35
1366.61
1366.61
1366.61
1366.84
1366.85
1366.95
1366.98
1366.99
1367.3
1367.63
1367.64
1367.64
1367.64
1367.86
1367.86
1367.86
1367.86
1367.88
1367.9
1367.93
1368.12
1368.36
1368.37
1368.37
1368.43
1368.45
1368.52
1368.64
1369.19
1369.21
1369.36
1369.36
1369.69
1369.81
1370.03
1370.16
1370.35
1370.35
1370.4
1370.59
1370.65
1370.66
1371.05
1371.16
1371.26
1371.38
1371.39
1371.75
1372.04
1372.46
1372.7
1372.83
1372.99
1373.04
1373.08
1373.08
1373.08
1373.12
1373.16
1373.19
1373.29
1373.36
1373.36
1373.42
1373.44
1373.5
1373.95
1373.99
1373.99
1374.25
1374.26
1374.33
1374.42
1374.42
1374.44
1374.61
1374.68
1374.69
1374.78
1374.91
1375.14
1375.58
1375.85
1375.92
1375.94
1376.06
1376.15
1376.18
1376.3
1376.47
1376.5
1376.62
1376.62
1376.86
1376.95
1376.96
1376.96
1377.01
1377.41
1377.45
1377.48
1377.54
1377.54
1377.65
1377.68
1377.76
1377.78
1377.84
1378.04
1378.05
1378.23
1378.28
1378.32
1378.34
1378.56
1378.66
1378.67
1378.84
1378.9
1378.91
1378.96
1378.96
1379.15
1379.34
1379.54
1379.72
1379.79
1379.79
1379.83
1379.95
1379.95
1380.06
1380.31
1380.41
1380.84
1381.18
1381.29
1381.36
1381.36
1381.48
1381.83
1381.9
1382.27
1382.29
1382.46
1382.59
1382.6
1382.68
1382.78
1382.81
1383.03
1383.03
1383.09
1383.14
1383.3
1383.31
1383.41
1383.41
1383.76
1384.59
1384.65
1384.67
1384.87
1385.06
1385.29
1385.3
1385.44
1385.66
1385.72
1385.76
1385.97
1386
1386.03
1386.07
1386.54
1386.56
1386.62
1386.7
1386.92
1387.01
1387.2
1387.34
1387.36
1387.79
1387.89
1387.95
1388.58
1388.76
1388.76
1388.78
1388.86
1389.06
1389.09
1389.09
1389.4
1389.45
1389.46
1389.47
1389.57
1389.61
1389.75
1389.84
1390.42
1390.42
1390.62
1390.64
1390.93
1390.93
1390.94
1390.97
1390.97
1391.02
1391.02
1391.15
1391.28
1391.29
1391.3
1391.75
1391.81
1391.81
1391.87
1391.96
1392.06
1392.18
1392.19
1392.19
1392.19
1392.25
1392.37
1392.41
1392.71
1392.71
1392.71
1392.83
1392.86
1392.9
1393.01
1393.05
1393.1
1393.1
1393.14
1393.3
1393.31
1393.37
1393.39
1393.42
1393.46
1393.85
1393.87
1394.16
1394.94
1394.95
1394.95
1395.03
1395.16
1395.31
1395.31
1396.07
1396.63
1396.79
1397.04
1397.11
1397.11
1397.24
1397.35
1397.57
1397.62
1397.72
1397.78
1397.84
1397.97
1398.14
1398.59
1398.59
1398.67
1398.78
1398.78
1398.78
1398.94
1398.95
1399.77
1399.91
1399.92
1400.04
1400.44
1400.64
1400.64
1400.89
1400.89
1401.38
1401.67
1401.8
1401.82
1401.89
1402.01
1402.01
1402.07
1402.64
1402.64
1402.96
1403.02
1403.02
1403.02
1403.02
1403.03
1403.21
1403.21
1403.26
1403.27
1403.55
1403.66
1403.79
1404.04
1404.54
1404.57
1404.58
1404.58
1404.69
1404.77
1404.77
1405.04
1405.2
1405.47
1405.5
1405.83
1405.83
1405.83
1405.84
1406.15
1406.16
1406.45
1406.59
1406.66
1406.75
1406.75
1406.96
1407.02
1407.98
1408.09
1408.1
1408.14
1408.93
1408.94
1409.03
1409.25
1409.42
1409.93
1410.01
1410.09
1410.13
1410.41
1410.59
1410.59
1410.59
1410.64
1410.88
1411.05
1411.29
1411.33
1411.34
1411.34
1411.46
1411.47
1412
1412.04
1412.2
1412.2
1412.51
1412.81
1412.85
1412.85
1413.15
1413.28
1413.43
1413.47
1413.66
1413.94
1414.11
1414.12
1414.22
1414.75
1414.76
1414.88
1414.98
1415.62
1416.44
1416.46
1416.55
1416.61
1416.61
1416.86
1417.17
1417.25
1417.74
1417.83
1418.22
1418.22
1418.34
1418.56
1418.78
1419.26
1419.28
1419.4
1419.4
1419.4
1419.4
1419.87
1419.89
1420.38
1420.44
1420.44
1420.5
1420.91
1421
1421.48
1421.48
1421.55
1421.58
1421.64
1421.68
1421.76
1422.12
1422.48
1422.56
1422.57
1423.03
1423.46
1423.48
1423.48
1423.52
1423.56
1423.67
1423.67
1423.96
1424.12
1424.19
1424.62
1425.13
1425.31
1425.89
1426.49
1426.8
1426.92
1426.95
1427.62
1427.63
1428.08
1428.17
1428.2
1428.41
1428.47
1428.53
1428.86
1429.3
1429.37
1429.49
1429.5
1429.62
1429.68
1429.85
1429.99
1430.17
1430.26
1430.74
1430.75
1430.79
1430.8
1430.81
1430.82
1430.92
1430.93
1431.1
1431.16
1431.18
1431.18
1431.18
1431.23
1431.24
1431.25
1431.32
1431.55
1431.55
1431.8
1431.94
1432.13
1432.19
1432.3
1432.34
1432.42
1432.49
1432.87
1432.87
1432.96
1433.13
1433.14
1433.17
1433.17
1433.17
1433.23
1433.41
1433.79
1433.81
1433.81
1433.88
1433.88
1433.89
1433.98
1434.09
1434.09
1434.32
1434.34
1434.53
1434.59
1434.59
1434.74
1435.12
1435.22
1435.41
1435.41
1435.42
1435.63
1435.64
1435.64
1436.05
1436.16
1436.23
1436.24
1436.58
1436.58
1437.08
1437.49
1437.49
1437.49
1437.49
1437.5
1438.05
1438.12
1438.45
1438.45
1438.68
1438.68
1438.72
1438.78
1438.78
1439.18
1439.47
1439.72
1439.82
1440.07
1440.13
1440.52
1440.58
1440.62
1440.69
1440.7
1440.73
1440.73
1440.99
1441.02
1441.22
1441.39
1441.56
1441.61
1441.7
1441.88
1441.96
1442.26
1442.26
1442.35
1442.49
1442.52
1442.63
1442.9
1442.9
1442.96
1442.99
1443.44
1443.76
1443.76
1443.82
1444.7
1444.71
1444.71
1444.77
1444.85
1444.86
1444.88
1444.89
1444.97
1445.02
1445.07
1445.08
1445.61
1445.62
1445.64
1445.8
1446.15
1446.49
1446.49
1446.53
1446.54
1446.72
1446.8
1446.83
1446.86
1446.89
1447.08
1447.14
1447.38
1447.39
1447.6
1447.66
1447.78
1447.98
1447.98
1448.1
1448.2
1448.27
1448.53
1448.53
1448.53
1448.6
1448.72
1448.91
1448.91
1448.91
1448.94
1449.03
1449.04
1449.18
1449.28
1449.45
1449.53
1450.01
1450.16
1450.21
1450.3
1450.39
1450.89
1451.36
1451.63
1451.63
1451.64
1452.15
1452.35
1452.35
1452.36
1452.37
1452.62
1452.71
1452.83
1453.34
1453.74
1453.8
1453.92
1454.07
1454.07
1454.09
1454.12
1454.22
1454.44
1454.47
1454.57
1454.61
1454.62
1454.7
1454.81
1454.94
1454.94
1455.36
1455.37
1455.37
1455.43
1455.43
1456.1
1456.11
1456.11
1456.51
1456.95
1457.21
1457.31
1457.31
1457.49
1457.49
1457.57
1457.57
1457.58
1457.58
1457.7
1457.72
1457.91
1458.01
1458.03
1458.11
1458.22
1458.25
1458.27
1458.3
1458.67
1458.68
1458.68
1458.69
1458.83
1458.88
1458.98
1459.13
1459.13
1459.27
1459.32
1459.32
1459.41
1459.66
1460.2
1460.21
1460.26
1460.52
1460.52
1460.6
1460.65
1460.66
1460.72
1461.03
1461.18
1461.26
1461.38
1461.76
1461.77
1461.84
1462.07
1462.08
1462.36
1462.37
1462.37
1462.37
1462.39
1462.42
1462.48
1462.53
1463.7
1463.79
1464
1464
1464.05
1464.06
1464.06
1464.24
1464.43
1464.54
1464.8
1464.84
1464.84
1464.86
1464.93
1464.99
1465.23
1465.48
1465.48
1466.25
1466.26
1466.83
1466.85
1466.87
1466.91
1466.91
1466.93
1466.93
1466.94
1466.96
1467.09
1467.26
1467.44
1467.54
1467.85
1468.31
1468.62
1468.65
1468.78
1468.83
1468.97
1469.17
1469.25
1469.3
1469.53
1469.53
1469.53
1469.72
1469.84
1469.84
1469.96
1470.37
1470.52
1470.62
1470.72
1470.72
1470.86
1470.87
1470.99
1470.99
1471.02
1471.03
1471.07
1471.26
1471.4
1471.61
1471.61
1471.67
1471.67
1472.39
1472.66
1472.76
1472.78
1472.78
1472.86
1473.03
1473.04
1473.04
1473.17
1474.54
1474.55
1475.56
1476.01
1476.51
1476.69
1476.75
1476.75
1476.77
1476.77
1476.79
1477.13
1477.3
1477.41
1477.41
1477.43
1477.51
1477.54
1477.96
1477.99
1477.99
1478.14
1478.17
1478.17
1478.19
1478.89
1478.9
1478.9
1479.03
1479.13
1479.24
1479.24
1479.42
1479.42
1479.66
1479.66
1479.66
1479.66
1479.69
1479.73
1479.9
1480.03
1480.24
1480.27
1481.04
1481.27
1481.44
1481.57
1481.57
1481.84
1481.84
1481.85
1482
1482.24
1482.24
1482.24
1482.24
1482.24
1482.25
1482.25
1482.25
1482.28
1482.31
1482.7
1483.04
1483.04
1483.13
1483.14
1483.16
1483.16
1483.37
1483.4
1483.4
1483.46
1483.46
1483.69
1483.7
1483.94
1483.94
1484.27
1484.36
1484.39
1484.61
1484.62
1484.62
1484.63
1484.64
1484.64
1484.64
1484.68
1484.99
1484.99
1485.09
1485.11
1485.11
1485.28
1485.3
1485.33
1485.42
1485.42
1485.45
1485.57
1485.74
1485.77
1485.9
1485.9
1485.91
1486.19
1486.22
1486.22
1486.43
1486.52
1486.52
1486.54
1486.54
1486.54
1486.61
1486.69
1486.76
1487.01
1487.03
1487.03
1487.25
1487.25
1487.67
1487.8
1488.11
1488.11
1488.16
1488.49
1488.54
1488.68
1488.68
1488.81
1489
1489.02
1489.09
1489.17
1489.17
1489.24
1489.26
1489.42
1489.42
1489.42
1489.54
1489.59
1489.59
1489.6
1489.67
1489.68
1489.92
1489.99
1490.06
1490.3
1490.39
1490.42
1490.42
1490.47
