0.438592
0.442129
0.491676
0.547897
0.566993
0.778627
0.821014
0.832332
0.896433
0.898689
0.899163
0.904433
0.905129
0.905312
1.12811
1.12881
1.13468
1.13502
1.32149
1.37435
1.4203
1.52838
1.63567
1.87439
1.92032
1.92064
1.92066
1.92186
2.80522
2.8797
2.97897
3.05927
3.70872
3.88133
4.66467
6.26423
6.27048
6.27799
6.28662
6.28931
6.38798
6.60051
6.91085
6.92413
7.04917
7.05055
7.58243
7.64768
7.64769
7.66423
7.8691
8.01442
8.07569
8.28443
8.49573
8.49618
8.57819
8.57896
8.66918
8.67265
8.674
8.83236
8.83287
9.0988
9.09987
9.13799
9.14003
10.8245
10.843
11.5868
11.7492
11.9015
11.9016
11.9242
11.9275
11.9285
12.0001
12.1763
12.1766
12.1776
12.3193
12.5341
13.3357
13.5598
13.5622
13.5641
13.6222
13.7576
13.8135
14.0259
14.2244
15.1476
15.2457
15.2503
17.2773
17.2775
17.2779
17.3818
17.4995
17.6269
17.8693
17.8696
17.8698
18.6286
18.6288
18.673
18.7925
18.9153
19.0751
19.082
19.0824
19.1542
19.2182
20.2969
20.3073
20.5638
20.7399
20.7759
20.7786
20.7809
20.8118
20.8142
20.8153
21.1175
21.1336
21.2492
21.2494
21.2809
21.3877
21.3907
21.9707
21.9714
21.9905
22.2468
22.5354
22.6508
22.652
23.1138
23.1171
23.4326
23.544
23.7452
24.092
24.0945
24.0974
24.1211
24.1227
24.2072
24.3046
24.5674
24.675
24.8071
24.8093
24.8107
24.8119
24.8129
24.8851
24.8856
25.0175
25.4864
25.4975
25.4981
25.5002
25.7507
25.8141
26.4017
26.6164
27.1514
27.1521
27.1602
27.4551
27.6218
27.7648
27.8274
27.9626
27.9933
28.0739
28.1819
28.1819
28.2987
28.3003
28.3015
28.3024
28.3147
29.178
29.525
29.6245
29.6553
29.8525
30.1023
30.4487
31.6963
31.6967
31.7623
31.763
31.7761
31.7801
31.7826
31.8622
31.8987
32.3019
32.366
32.3827
32.3835
32.531
32.8029
33.1952
33.5601
34.0242
34.3685
34.6632
34.8372
35.5208
35.6712
35.9151
36.2146
36.4319
36.4856
36.584
36.5909
36.9579
37.0655
37.0657
37.3114
37.312
37.9068
38.5202
38.6227
39.0719
39.072
39.2268
39.6417
39.642
39.6436
39.7888
39.8
39.9321
40.2759
40.4866
40.9001
40.9045
40.9065
41.4811
41.4818
41.5483
41.634
41.6348
41.8877
41.8894
42.0477
42.0565
42.5928
42.977
43.1465
43.3287
43.3316
43.3325
43.3334
44.0851
44.0865
44.1373
44.3931
44.7196
45.4288
45.5383
45.912
46.0736
46.0739
46.2015
46.915
46.9157
46.9579
47.1508
47.271
47.778
47.996
48.3463
48.7826
48.9609
49.2769
49.3303
49.5903
49.6248
49.7026
49.8688
50.2001
50.2008
50.3933
50.5631
51.662
51.6621
51.8281
51.8312
51.8316
51.8765
51.9143
51.9508
51.981
52.2088
52.7244
52.7812
53.004
53.3362
53.4073
53.5037
53.9786
54.3383
54.4527
54.5955
54.9006
57.8722
57.9755
58.2569
58.6351
58.6874
58.8409
58.9042
59.296
59.4183
59.4747
59.4756
59.5209
59.9817
60.4442
60.855
60.8571
60.9306
61.5531
61.6579
61.6616
61.7439
61.7669
62.0513
62.0892
62.097
62.8861
62.8923
62.8931
62.9973
63.0021
63.0166
63.025
63.1227
63.1347
63.1353
63.1833
63.417
63.418
63.5057
63.5607
63.7649
63.7655
63.836
63.9596
63.974
64.0206
64.9058
65.0409
65.2178
65.3988
65.5076
65.5256
65.6629
65.8148
66.0391
67.4874
67.5017
67.5039
67.7553
67.8311
67.9197
68.1947
68.3696
68.4904
68.67
69.0936
69.2007
69.7613
69.7619
70.145
70.3883
70.6384
71.0688
71.1729
71.1743
71.4103
71.6383
71.6384
71.6418
72.1147
72.2289
72.2303
72.3139
72.3142
72.456
73.1797
73.1956
73.6855
73.7156
73.716
73.8698
74.0638
74.5232
75.7132
75.7162
76.0324
76.0348
76.4116
76.4117
76.4124
77.143
77.1484
77.1616
77.1635
77.2253
77.2692
77.322
78.167
78.2074
79.8937
79.8953
80.039
80.2006
80.2855
80.3087
80.5087
80.5098
80.6798
80.8524
81.2173
81.2173
81.6813
81.6833
81.6865
81.6874
81.6875
81.688
82.1402
82.1404
82.5241
82.9305
83.3039
83.3041
83.3046
83.4347
83.5365
83.5418
83.5996
83.7021
83.7444
83.758
83.8462
83.8466
83.8468
83.8996
83.9011
84.1711
84.1721
84.385
84.5926
84.617
84.845
85.6135
85.6948
85.7818
86.8056
87.0182
87.2562
87.2908
87.3247
87.3263
87.3456
87.9582
89.1945
89.1958
89.4338
89.543
89.7276
89.7337
89.734
90.4817
90.5146
90.5536
91.389
91.4571
91.6746
91.6749
91.7046
91.9553
92.1481
92.207
92.2091
92.3278
92.3308
92.3488
93.0506
93.0507
93.1589
93.1897
93.6707
93.7128
93.7975
93.9102
93.9688
94.059
94.0598
94.2831
94.2861
94.4594
94.4599
94.4962
94.6433
94.6434
94.7985
94.8441
95.4443
96.1006
96.8192
96.9225
97.2648
97.2664
97.2667
97.2674
97.2678
97.2879
97.3896
97.5366
97.5385
97.5913
97.7637
97.7651
97.7888
97.8412
98.5583
98.7285
99.0017
99.0517
99.1737
99.3064
100.154
100.398
100.815
100.898
101.313
101.4
101.468
101.469
101.473
101.709
101.711
101.72
102.143
102.268
102.364
102.456
102.632
102.638
102.639
102.667
102.668
102.823
102.84
102.956
103.038
103.038
103.552
103.552
103.968
104.213
104.551
104.624
104.677
105.606
105.733
106.104
106.184
106.184
106.238
106.238
106.264
106.275
106.466
106.586
106.679
106.988
107.05
107.051
107.157
107.22
107.22
107.222
107.469
107.487
107.512
107.679
107.681
109.553
109.923
110.633
110.731
110.905
111.247
111.328
111.557
111.567
112.111
112.254
112.314
113.442
114.11
114.277
114.383
114.751
114.975
114.984
114.989
114.989
114.989
115.039
115.157
115.194
116.192
116.296
117.104
117.207
118.372
118.461
118.924
119.24
119.364
119.591
119.592
119.724
119.724
119.744
120.031
121.397
121.397
123.181
123.272
123.272
123.431
123.587
123.705
123.733
123.734
123.736
123.856
124.127
124.177
124.178
124.287
124.289
124.29
124.3
124.431
124.59
124.782
124.782
124.806
125.497
125.497
125.531
125.899
125.9
126.118
126.254
126.255
126.262
126.407
126.408
126.468
126.539
126.553
127.294
127.516
127.542
127.553
127.817
127.818
127.845
127.846
127.847
128.342
128.343
128.544
128.658
128.659
129.097
129.116
129.13
129.405
129.553
129.924
130.369
130.769
131.157
131.305
131.635
131.769
131.772
131.773
131.773
131.865
132.03
132.046
132.298
132.302
132.304
132.305
132.309
132.618
132.62
132.66
132.974
132.976
132.977
133.425
133.626
133.898
133.898
133.978
134.288
134.288
134.398
134.808
134.855
134.878
135.378
135.386
135.478
135.574
135.574
135.685
135.828
135.829
135.833
135.834
135.939
135.94
135.986
136.014
136.115
136.116
136.453
136.454
136.587
136.587
136.588
138.395
138.419
139.797
139.906
139.961
140.042
140.051
140.429
140.619
140.711
140.776
140.849
141.025
141.154
141.335
142.145
143.943
143.944
144.59
144.59
144.59
144.978
145.664
145.681
145.958
145.958
145.975
146.019
146.086
146.163
146.342
146.409
147.065
147.068
147.07
148.022
148.104
148.13
148.139
148.383
148.441
148.504
148.743
148.825
149.282
149.282
149.426
149.427
149.427
149.428
149.492
149.549
149.615
149.675
149.731
149.854
149.904
149.906
150.16
150.349
150.349
150.527
150.886
151.873
153.188
153.247
153.598
153.662
153.692
153.696
154.57
154.612
154.671
154.673
154.726
154.731
154.731
154.732
154.732
154.739
154.75
154.801
154.805
154.806
155.324
155.324
155.325
155.326
155.414
155.535
155.541
155.542
155.718
156.015
156.033
156.035
156.562
156.563
156.563
156.631
156.633
156.671
156.672
156.787
156.872
157.157
157.159
157.163
158.091
159.215
159.572
160.835
160.902
160.903
161.198
161.472
161.517
162.022
162.414
162.809
162.812
163.474
163.568
163.714
163.714
164.361
164.421
164.59
164.614
164.846
164.87
166.963
166.969
167.15
167.302
167.716
168.518
168.518
168.565
168.7
168.756
169
169.057
170.059
170.353
170.712
171.031
171.361
171.56
172.103
172.201
172.201
172.205
172.399
172.639
173.154
173.323
173.623
174.136
174.136
174.244
174.329
174.33
174.552
174.57
174.673
175.07
175.085
175.086
175.114
175.209
175.291
175.462
175.463
175.465
175.57
176.404
176.413
176.646
176.647
176.759
177.032
177.033
177.238
177.391
177.822
177.823
177.862
178.117
178.117
178.346
178.684
178.738
178.739
178.743
179.385
179.385
179.503
180.431
180.478
180.493
180.493
180.718
180.91
181.136
181.265
181.943
181.943
182.013
183.48
183.571
185.451
185.595
185.595
185.663
185.856
185.86
185.934
185.999
186.141
186.209
187.274
187.31
187.479
187.523
187.528
188.355
188.443
188.452
189.455
189.457
189.616
189.641
189.642
190.438
190.44
190.632
190.975
191.097
191.097
191.485
191.808
192.072
192.075
192.183
192.23
192.439
192.614
193.325
193.356
193.581
194.555
194.611
195.501
195.502
195.527
195.529
195.628
196.506
196.907
197.048
197.049
197.088
197.265
197.299
197.606
197.607
198.028
198.051
198.122
198.123
198.124
198.124
198.196
198.963
198.989
199.231
199.354
199.442
199.455
199.505
199.568
200.162
200.198
200.46
200.7
200.757
200.942
200.97
201.22
201.384
201.384
201.744
201.798
201.799
201.882
201.903
201.908
201.912
202.088
202.142
202.143
202.173
202.36
202.54
202.605
203.357
203.438
203.47
203.564
203.565
203.706
203.99
203.99
203.992
204.089
204.111
204.198
204.809
205.166
205.167
205.528
205.619
205.723
206.135
206.317
206.783
207.058
207.44
207.937
208.267
208.27
208.277
208.279
208.365
208.485
208.533
208.676
209.155
209.164
209.53
209.567
209.573
209.699
209.773
209.954
210.709
211.117
211.289
211.361
211.364
211.504
212.158
212.161
212.243
212.349
212.35
213.085
213.085
213.094
213.363
213.405
213.52
213.94
214.344
214.67
214.759
214.87
215.155
215.483
215.495
215.542
215.878
215.88
216.225
216.234
216.302
216.502
216.503
216.557
216.565
216.606
216.607
217.52
217.52
217.662
217.958
217.966
217.967
218.55
219.189
219.19
219.345
219.643
220.778
220.889
221.152
221.154
221.604
221.629
221.767
222.505
222.591
222.729
222.73
223.121
223.182
223.407
223.408
223.412
223.523
223.693
224.509
224.643
225.724
225.885
226.214
226.28
226.494
226.495
227.225
227.375
227.456
227.706
227.731
227.732
227.95
230.415
230.418
230.419
230.847
230.849
231.414
231.769
231.958
231.958
232.423
232.428
232.428
232.629
233.13
233.153
233.285
233.474
233.609
233.7
233.7
233.74
233.742
235.323
235.323
235.331
235.567
235.64
235.663
235.665
235.665
235.666
235.707
235.9
236.752
237.18
237.184
237.442
237.56
237.592
237.593
237.593
237.64
237.641
237.96
238.078
238.084
238.762
239.004
239.023
239.047
239.375
239.905
240.282
240.428
240.78
240.809
240.932
240.933
240.965
241.029
241.765
241.816
241.817
241.817
241.906
241.907
242.005
242.645
242.667
242.883
243.136
244.07
244.587
244.612
244.755
244.813
244.813
244.832
244.899
244.924
245.153
245.233
245.288
245.597
245.847
245.85
245.935
246.716
246.793
246.805
246.899
247.123
247.183
247.387
247.484
247.485
247.789
247.96
248.002
248.019
248.155
248.213
248.888
248.987
249.043
249.043
249.066
249.132
249.387
249.391
249.564
249.673
249.833
249.846
250.24
250.244
250.495
250.522
251.143
251.372
251.372
251.526
251.984
252.21
252.431
252.431
252.649
252.856
252.981
253.078
253.532
253.538
253.587
253.588
253.996
254.087
254.136
254.158
254.161
254.161
254.234
254.269
254.367
254.482
254.512
254.62
254.741
254.757
256.326
256.917
257.222
257.227
257.23
257.65
257.975
258.405
258.436
259.744
259.745
259.757
259.904
260.254
260.254
260.261
261.441
261.444
261.446
261.798
262.025
262.196
262.197
262.328
262.366
262.754
262.836
262.869
262.871
262.882
262.89
263.764
263.85
263.85
264.238
264.335
264.505
264.506
264.798
264.868
264.918
264.919
264.92
265.207
265.208
265.271
265.289
265.331
265.533
265.534
266.184
266.262
266.383
266.384
266.604
266.717
266.964
267.092
267.513
267.515
268.522
268.523
268.527
268.949
268.95
269.329
269.349
269.373
270.267
271.058
271.199
271.367
272.206
272.232
272.233
272.234
272.589
272.589
272.592
272.624
273.2
274.187
274.189
274.27
274.37
275.453
275.454
275.615
275.643
275.643
276.242
276.331
276.332
276.334
276.404
276.85
276.857
276.995
277.26
277.26
277.319
277.337
277.419
277.489
277.524
277.547
277.674
277.675
277.972
278.179
278.512
278.597
278.656
278.659
278.701
279.855
279.961
279.963
280.02
280.021
280.074
280.245
280.246
280.247
280.299
280.628
280.629
281.265
281.681
281.762
282.25
282.25
282.264
282.472
282.496
282.572
282.664
283.03
283.116
283.137
283.137
283.138
283.142
283.145
283.282
283.391
283.443
283.445
283.74
283.742
283.848
283.962
284.134
284.148
284.191
284.371
284.642
284.749
284.983
285.276
285.346
285.348
285.454
285.455
285.653
285.74
285.898
286.007
286.162
287.299
287.524
287.866
287.868
287.868
288.472
288.61
288.614
288.887
289.449
289.624
289.69
290.033
290.09
290.091
290.093
290.168
290.454
290.455
290.491
290.563
290.585
290.655
290.975
291.214
291.255
292.64
294.065
294.074
294.464
294.605
294.704
294.79
294.943
294.976
295.345
295.346
295.377
295.392
295.392
295.652
295.827
295.963
296.326
296.335
296.336
296.521
296.635
297.162
297.646
299.398
299.523
300.008
300.219
300.41
300.694
300.747
301.239
301.267
302.24
303.787
303.798
304.187
304.193
304.208
304.209
304.427
305.98
306.06
306.06
306.073
306.368
306.372
306.417
306.442
306.535
307.691
307.693
307.701
307.719
307.721
307.897
308.386
308.582
309.068
309.881
310.143
310.475
311.097
311.209
311.21
311.396
311.397
311.439
311.589
311.632
311.664
311.821
311.821
312.569
312.622
313.016
313.275
313.338
313.705
313.728
314.152
314.152
314.259
314.472
314.577
315.272
315.272
315.272
315.628
315.628
315.8
315.801
315.804
315.805
316.097
316.145
316.146
316.211
318.151
318.202
318.203
318.204
318.205
319.139
319.139
319.14
319.558
319.558
320.263
320.277
320.278
320.37
320.371
320.404
320.563
320.78
320.871
320.939
320.939
321.451
321.452
321.453
321.456
321.554
322.114
322.804
322.907
323.215
323.226
324.337
324.492
324.661
324.662
324.662
324.985
324.99
325.262
325.263
325.284
325.349
325.647
325.683
325.695
325.979
325.98
325.981
326.01
326.487
326.488
327.265
327.527
327.529
327.529
327.696
327.995
328.121
328.152
328.153
329.049
329.056
329.057
329.297
329.633
329.706
329.706
329.725
330.151
330.151
330.152
330.697
330.698
330.916
330.922
330.922
330.976
331.032
331.578
331.677
331.815
331.92
331.92
332.154
332.906
332.934
333.121
333.129
333.434
333.583
333.692
333.736
333.736
333.738
334.088
334.406
334.425
334.722
334.781
334.837
334.96
334.96
336.481
336.486
336.486
336.509
336.563
336.703
337.168
337.316
338.104
338.256
338.257
338.291
338.311
338.847
338.984
338.986
338.988
339.049
339.161
339.737
340.142
340.556
340.558
340.558
340.601
340.89
340.891
340.995
341.074
341.217
341.368
341.414
341.551
342.303
342.632
342.637
343.013
343.048
343.049
343.31
343.981
344.726
344.796
344.919
345.864
346.121
346.249
346.343
346.477
346.593
346.67
346.784
346.788
347.504
347.505
347.527
347.53
347.718
347.998
348.102
348.103
348.292
348.586
348.606
348.803
350.683
351.766
352.206
353.183
353.186
353.934
354.315
354.332
354.338
354.427
354.636
354.649
354.983
356.093
357.099
358.35
358.35
359.057
359.28
359.771
359.896
360.289
360.29
360.316
360.49
360.49
360.491
360.654
360.831
361.053
361.391
361.617
362.133
362.55
362.722
362.775
362.775
362.775
362.923
362.953
362.979
362.98
363.113
363.382
363.883
363.886
364.096
365.097
365.101
365.12
365.714
365.79
365.847
365.976
365.992
365.992
366.477
367.308
367.914
368.161
368.198
368.215
368.469
368.605
368.631
368.752
368.942
369.047
369.049
369.119
369.282
370.284
370.295
371.476
371.505
371.65
371.845
372.215
372.215
372.519
372.765
373.043
373.045
373.106
373.273
373.274
373.278
373.497
373.52
373.521
373.824
374.194
374.712
374.76
374.763
374.763
374.967
375.231
375.365
375.365
375.563
375.564
375.595
375.851
376.545
376.978
376.98
377.042
377.205
378.287
378.288
378.297
378.586
378.589
378.635
378.644
378.644
378.649
378.971
379.286
379.287
379.574
379.575
380.017
380.086
380.258
380.26
380.261
380.669
380.916
380.942
381.133
381.472
381.547
381.55
381.605
381.905
381.996
383.161
383.695
383.752
384.081
384.083
384.886
384.887
384.98
386.726
386.728
386.729
386.731
386.734
386.748
387.435
387.459
387.482
387.493
387.494
387.922
388.426
388.432
388.782
388.955
389.168
389.326
389.376
389.549
389.619
389.62
389.853
390.94
391.008
391.011
391.014
391.129
391.133
391.271
391.271
391.569
392.811
394.013
394.699
394.7
395.647
395.653
395.748
395.833
395.833
396.018
396.022
396.024
396.024
396.04
396.226
396.284
396.287
396.371
396.554
396.555
396.751
396.754
396.759
397.358
397.46
398.907
399.169
399.17
400.147
400.488
400.54
400.61
400.645
400.889
400.89
401.154
401.259
401.401
401.404
401.627
401.628
403.308
403.326
403.377
403.426
403.491
403.899
404.051
404.419
404.51
404.511
404.512
404.52
404.601
404.608
404.61
404.886
404.972
405.055
405.729
405.949
406.128
406.792
407.058
407.059
407.09
407.091
407.108
407.115
407.116
407.324
407.471
407.515
407.894
407.991
408.263
408.863
409.568
409.758
410.238
410.395
410.763
411.031
411.525
411.55
411.562
411.727
411.82
411.905
411.906
412.204
412.454
412.679
412.705
413.068
413.069
413.668
413.955
414.307
414.463
414.774
414.8
414.822
415.168
415.191
416.211
416.244
416.464
416.513
416.97
417.105
417.135
417.139
417.139
417.139
417.142
418.347
418.467
418.496
418.55
418.764
418.973
419.379
419.449
419.777
419.858
419.858
420.373
420.391
420.394
420.704
421.05
421.093
421.094
421.095
421.099
421.234
421.66
422.083
422.327
422.563
422.63
422.705
422.707
422.916
424.267
424.292
424.415
424.418
424.424
425.998
426.204
426.205
426.769
426.999
427.122
427.122
427.496
427.697
427.778
427.778
427.791
427.823
427.855
427.858
428.301
428.666
428.671
429.491
429.915
429.922
430.328
430.838
431.314
431.505
431.551
431.662
431.778
432.37
432.467
433.96
433.961
434.103
434.104
434.219
434.219
435.073
436.592
436.982
436.983
437.782
437.797
438.114
438.78
439.417
439.417
440.039
440.425
440.425
440.452
441.117
441.195
441.279
441.348
441.353
442.001
442.168
442.171
442.884
442.994
442.995
442.997
443.216
443.642
443.663
444.027
444.102
444.165
444.167
444.326
444.51
444.63
444.67
444.828
444.885
444.914
445.132
445.15
445.378
445.464
445.56
445.58
445.686
445.778
445.874
445.874
445.875
445.923
445.98
446.394
446.693
446.715
446.776
446.874
446.973
447.301
447.685
447.781
448.776
449.034
449.138
449.258
449.435
449.748
450.323
451.029
451.187
451.207
451.208
451.578
451.599
451.639
451.808
451.809
451.811
451.811
451.96
452.003
452.323
452.324
452.751
452.824
453.039
453.217
453.272
453.638
453.993
454.006
456.656
456.692
457.231
457.238
457.37
458.304
458.333
458.674
459.573
459.828
459.853
459.853
460.284
460.701
461.275
461.332
461.507
462.384
462.54
462.54
462.548
462.711
462.896
462.897
463.132
463.193
463.197
463.297
464.261
464.545
464.71
465.212
465.594
465.971
466.051
466.098
466.114
466.633
466.636
467.262
467.649
467.753
467.933
467.961
468.005
468.729
468.827
469.012
469.035
469.242
470.175
470.349
470.833
470.836
470.904
470.907
471.014
471.159
471.179
471.62
471.723
471.876
471.883
471.975
471.989
472.696
472.919
472.964
473.533
473.915
474.072
474.646
474.67
474.67
474.674
475.638
477.185
477.322
477.324
477.324
477.967
477.97
478.096
478.147
478.212
478.781
478.913
478.996
479.038
479.16
479.276
479.858
479.895
480.001
480.298
480.535
480.536
482.101
482.35
482.467
483.55
484.147
484.171
484.809
484.812
484.85
484.939
485.014
485.435
485.643
486.234
486.242
486.255
486.278
486.409
486.409
486.695
486.794
487.36
488.159
488.522
489.019
489.192
489.192
489.569
489.838
490.049
490.051
490.257
490.355
490.895
490.897
491.369
491.513
491.623
491.67
491.731
491.793
491.868
491.967
492.203
492.574
492.766
492.766
492.859
493.208
493.42
493.452
493.511
496.053
496.34
496.413
496.463
496.544
496.623
496.853
496.854
496.857
496.859
497.041
497.445
497.462
497.602
497.658
497.658
497.686
497.749
497.928
497.955
497.955
498.001
498.173
498.263
498.629
498.906
500.518
500.519
500.519
500.52
500.521
500.573
500.713
500.835
500.98
500.984
501.159
501.277
501.383
501.484
502.027
503.348
503.383
503.385
503.385
503.386
503.539
503.67
503.67
504.282
504.555
504.555
505.702
505.703
506.349
506.349
506.351
506.866
506.871
506.874
506.933
506.981
506.982
507.131
507.178
507.973
508.101
508.102
508.106
508.156
508.555
509.108
509.701
510.547
510.828
510.837
511.104
511.106
511.227
511.531
511.818
511.95
512.041
512.203
512.37
512.371
512.814
513.684
513.693
513.816
514.238
514.602
514.602
514.603
514.904
515.084
515.404
515.59
515.632
515.87
516.324
517.32
517.695
517.721
517.758
517.846
518.396
518.452
519.318
519.763
522.04
522.061
522.091
522.093
522.13
522.224
522.384
522.42
522.422
522.646
522.649
522.696
522.725
522.725
522.725
522.96
522.979
523.018
523.022
523.214
523.737
523.743
523.861
523.935
523.994
524.538
524.538
524.587
524.907
525.005
525.094
525.097
525.117
525.253
526.524
526.524
526.56
526.65
526.738
526.74
526.828
527.034
527.189
527.292
527.292
527.507
527.753
527.769
527.771
527.772
527.773
527.774
527.942
528.033
528.035
528.077
528.446
528.95
528.951
529.025
529.046
529.249
529.288
529.297
529.517
529.519
529.784
530.063
530.163
530.291
530.366
530.539
530.541
530.688
530.917
530.918
530.918
530.95
530.955
530.994
531.075
531.483
531.621
531.636
531.636
531.816
531.822
531.89
532.034
532.173
532.401
532.554
532.65
532.815
533.081
533.54
533.646
533.662
533.878
534.076
534.113
534.162
534.398
534.403
534.487
534.58
534.582
534.582
534.711
534.712
536.627
536.808
536.859
537.129
537.131
537.191
537.613
537.842
537.933
538.144
538.456
538.61
539.771
539.926
540.434
541.003
541.031
541.149
541.373
541.374
541.469
541.472
541.573
541.885
542.174
542.185
542.212
542.289
542.291
542.334
542.399
542.589
542.69
543.022
543.138
543.153
543.232
543.324
543.327
543.328
543.331
543.598
544.5
544.501
544.504
545.064
545.064
545.067
545.071
545.271
545.288
545.36
545.445
546.02
546.142
546.278
546.285
546.772
546.866
546.96
547.188
547.213
547.216
547.532
547.87
547.87
548.082
548.083
548.128
548.447
548.449
548.551
548.551
548.555
548.582
548.944
549.092
549.162
549.379
549.528
549.529
549.53
549.532
549.595
549.621
549.789
550.264
550.498
550.502
550.502
550.621
550.624
550.844
550.845
550.845
551.083
551.194
551.313
551.686
552.828
552.977
552.978
553.083
554.884
555.68
555.827
555.961
555.973
556.128
556.343
556.435
556.435
556.916
557.225
557.532
557.621
558.307
558.947
559.666
561.286
561.757
561.76
562.871
563.019
563.035
563.76
565.118
565.118
565.342
565.506
565.573
565.574
565.629
566.12
566.339
566.341
566.488
567.256
568.301
568.656
568.94
568.94
568.942
568.943
569.273
569.482
569.51
569.512
569.534
569.67
570.575
570.58
570.603
570.765
570.964
570.966
571.334
571.418
571.489
572.276
572.66
572.667
572.789
572.807
572.849
572.885
572.909
573.183
573.452
573.925
574.463
574.536
575
575.384
575.384
575.386
575.804
575.822
575.823
575.991
576.36
576.675
577.199
577.234
577.382
578.515
578.517
578.566
578.611
578.612
578.684
579.441
579.442
580.03
580.041
582.334
582.338
582.37
582.496
582.498
582.5
582.5
582.842
582.843
583.573
584.141
584.142
584.143
584.144
584.595
584.748
585.563
585.576
585.578
586.127
586.601
586.667
586.681
586.703
587.503
587.576
587.742
587.854
587.885
588.025
588.097
588.914
588.951
588.953
588.995
589.076
589.245
589.569
589.891
589.91
589.911
589.912
589.938
589.939
590.625
590.625
591.274
591.92
591.924
592.273
593.016
594.392
594.745
595.022
595.024
595.179
595.247
596.048
596.171
596.608
596.612
596.768
597.3
597.3
597.397
597.475
597.512
597.568
597.592
597.66
597.685
597.742
597.749
597.809
597.898
597.902
597.902
598.115
598.315
598.519
598.543
598.992
599.059
599.066
599.127
599.128
599.235
599.34
599.342
599.343
600.824
601.952
602.01
602.293
602.294
602.486
602.502
602.502
602.504
602.574
602.749
602.819
602.9
603.515
603.665
603.692
603.812
604.4
604.4
604.401
604.76
604.802
604.821
604.885
604.925
604.925
605.08
605.399
605.409
605.534
605.999
606.002
606.089
606.224
606.225
606.577
606.733
606.735
606.899
606.997
607.285
607.402
607.456
607.553
607.686
607.686
607.687
608.353
608.714
608.72
608.764
608.799
608.8
608.8
609.018
609.139
609.631
609.637
609.686
609.845
609.904
609.936
610.264
610.274
610.36
610.361
610.53
610.818
611.056
611.059
611.08
611.141
611.325
611.443
611.707
611.709
611.864
612.093
612.335
612.394
612.405
612.406
612.528
612.659
612.659
612.685
612.686
612.759
612.762
612.764
613.24
614.038
614.038
614.127
614.692
615.978
615.978
616.251
616.252
616.253
616.339
616.952
617.062
617.098
617.361
617.362
617.364
617.397
617.603
617.711
617.773
617.893
617.893
618.062
618.063
618.063
618.307
618.393
618.544
618.848
619.644
620.022
620.484
620.648
621.146
621.148
621.148
621.174
621.176
621.176
621.398
621.398
621.4
621.598
621.598
621.6
622.023
622.275
622.452
622.454
622.713
623.045
623.045
623.119
623.119
623.367
623.435
623.437
623.437
623.65
623.826
623.944
623.945
623.946
623.947
624.063
624.194
624.196
624.694
624.695
624.83
624.883
625.866
626.311
626.457
626.459
626.55
627.387
627.52
627.781
628.674
628.687
628.689
628.833
628.837
628.867
629.145
629.169
629.309
629.393
629.4
629.401
629.421
629.557
629.605
629.618
629.756
629.776
629.778
629.879
632.091
632.091
632.093
632.618
632.627
632.71
632.71
632.71
632.712
632.792
633.192
634.188
634.193
634.859
635.127
635.226
635.226
635.296
635.302
635.565
635.565
635.568
635.571
635.815
635.898
635.898
636.074
636.179
636.226
636.701
636.765
636.911
636.913
637.312
637.903
638.407
638.471
639.085
639.532
639.532
639.688
639.692
639.692
640.01
640.122
640.489
641.188
641.305
641.392
641.396
641.407
641.443
641.561
641.562
641.611
641.613
641.671
643.113
643.114
643.604
643.604
643.764
643.857
644.863
644.864
645.144
645.346
645.46
645.469
645.569
645.809
645.873
645.885
645.886
646.853
646.991
647.038
647.082
647.083
647.315
647.41
648.134
648.135
648.394
648.395
648.796
649.564
649.598
649.647
649.65
650.161
650.269
650.731
651.055
651.06
651.158
651.166
651.298
652.348
652.463
652.886
652.893
652.982
652.987
652.987
653.337
653.339
653.398
654.026
654.058
654.126
654.181
654.184
654.644
655.48
655.482
655.544
655.562
655.65
655.804
655.844
655.844
655.885
655.919
656.04
656.374
656.461
656.738
656.8
656.813
657.185
657.339
657.45
657.481
657.816
657.823
658.534
659.028
659.314
659.894
660.216
660.468
660.524
660.675
661.29
661.317
661.373
661.575
661.963
662.281
662.288
662.578
662.939
663.265
663.445
663.447
663.59
663.938
664.389
664.636
664.637
664.647
664.651
664.891
664.893
664.894
664.957
665.417
665.417
665.554
665.594
665.836
666.178
666.487
667.011
667.246
667.799
667.931
668.251
668.252
668.281
668.483
668.607
668.608
668.666
669.239
669.447
669.564
670.356
670.489
670.513
670.632
671.071
671.154
671.38
671.403
671.404
671.717
671.779
671.828
672.068
672.581
673.808
673.933
673.933
674.117
674.118
674.121
674.122
676.497
676.612
676.613
677.141
677.144
677.607
679.794
680.527
681.176
682.144
682.145
682.223
682.293
682.338
682.867
683.314
683.5
683.5
683.901
684.224
684.236
684.576
685.055
685.134
685.901
685.956
685.96
686.05
686.076
686.301
686.4
686.497
687.853
688.009
688.093
688.991
689.1
689.103
689.857
691.155
691.189
692.732
692.745
692.755
692.863
693.139
693.139
693.594
693.919
694.026
694.353
694.504
694.65
694.744
694.889
695.093
695.171
696.02
696.166
696.821
698.373
699.797
699.803
699.939
700.034
700.134
700.171
700.258
700.657
701.716
701.717
701.873
701.925
701.971
702.198
702.381
702.383
702.546
702.814
702.846
702.846
704.387
704.59
704.596
704.778
704.787
704.837
705.144
705.379
705.472
705.503
705.559
705.619
705.619
706.01
706.162
706.938
706.942
707.073
707.487
708.011
708.012
708.014
708.026
708.286
708.287
708.301
708.466
708.714
708.715
708.998
709.051
709.482
710.408
710.584
710.819
711.039
711.148
711.193
711.212
711.913
713.851
715.15
715.17
716.488
717.21
717.268
717.338
718.583
718.919
718.931
719.075
719.096
719.263
719.461
719.465
719.465
719.811
719.817
719.923
719.927
719.928
720.848
721.54
721.658
721.701
721.71
722.274
722.321
722.447
722.448
723.508
723.664
723.914
723.914
724.103
724.391
724.391
724.412
724.413
724.932
724.933
725.218
725.221
725.544
725.966
726.82
726.823
726.824
727.56
727.562
727.863
727.863
728.823
728.936
728.937
728.938
728.943
728.945
729.655
729.666
729.868
730.03
730.19
730.727
730.794
730.874
731.019
732.361
732.602
732.626
733.705
733.807
733.955
734.072
734.537
734.615
734.717
734.747
734.81
734.916
734.921
734.921
734.922
735.006
735.007
735.047
735.048
735.073
735.114
735.687
735.835
736.535
736.57
736.615
737.431
737.569
737.916
739.137
739.274
739.333
739.448
739.858
739.86
740.031
740.031
740.032
740.033
740.051
740.053
740.089
740.368
740.452
740.546
740.55
740.927
741.035
741.035
741.036
741.206
741.208
741.323
741.411
741.586
741.977
741.98
742.161
742.324
742.51
742.655
742.781
742.782
742.785
742.888
742.916
743.471
744.434
744.436
744.438
744.585
744.786
744.92
745.337
745.337
745.406
745.914
745.917
745.918
745.972
746.176
746.177
746.179
746.339
746.7
747.657
747.778
747.78
747.998
748.105
748.407
748.407
748.783
748.785
748.795
748.899
749.449
749.452
750.577
750.668
750.727
750.731
750.744
750.751
750.799
750.87
751.023
751.258
751.261
751.369
751.895
752.025
752.206
752.248
752.811
752.811
752.955
753.496
753.519
754.141
754.745
755.102
755.153
755.2
755.355
755.406
755.732
755.791
755.792
756.111
756.223
756.473
756.488
756.894
756.979
756.98
756.982
758.222
759.066
759.067
759.32
759.324
759.356
759.542
760.056
760.222
760.307
760.34
760.462
760.854
761.305
761.449
761.449
761.525
761.562
761.619
761.62
762.078
762.369
762.39
762.644
762.78
762.926
763.352
763.449
763.578
763.867
764.027
764.027
764.273
765.957
766.035
766.035
766.263
766.667
766.67
766.67
766.973
767.447
768.358
768.358
768.542
769.28
769.342
769.566
769.67
769.749
770.245
770.304
770.332
770.36
770.544
770.555
770.676
770.808
770.858
771.037
771.537
772.242
772.374
772.374
772.724
773.077
773.125
773.146
773.146
773.613
773.652
774.012
774.444
774.444
774.91
775.2
775.246
775.552
776.025
776.027
776.208
776.211
776.398
776.481
776.91
776.99
777.259
777.283
777.532
778.559
778.563
778.635
778.656
779.086
779.626
779.639
779.76
779.977
779.979
779.979
780.053
780.294
780.541
780.613
780.963
780.977
781.421
781.862
781.869
781.921
781.972
782.127
782.139
782.236
782.271
782.271
782.273
782.273
782.558
782.94
783.358
783.431
783.45
783.46
783.568
783.669
784.086
784.523
784.524
784.585
785.611
785.706
785.741
785.767
786.9
786.903
786.911
786.912
787.05
787.201
787.333
787.335
787.341
787.573
788.202
788.462
788.639
789.165
789.169
789.539
790.533
790.63
790.721
790.722
790.722
790.745
790.79
790.79
790.986
791.008
791.222
791.625
792.092
792.182
792.566
792.644
792.648
792.766
792.934
793.237
794.312
794.341
794.814
794.843
794.879
795.041
795.141
795.351
795.963
796.061
796.105
796.117
796.12
796.213
796.541
797.094
797.719
797.882
797.906
798.003
798.098
799.002
799.076
799.537
799.989
799.993
800.007
800.278
800.28
800.307
800.479
800.501
800.544
800.593
800.669
800.671
801.35
802.383
802.426
802.545
804.09
804.742
804.846
805.56
805.56
805.733
805.905
805.905
807.166
807.688
808.089
808.09
808.912
809.037
809.039
809.043
809.121
809.237
809.499
809.5
809.5
809.94
810.057
810.134
810.28
810.281
810.282
811.63
811.739
812.145
812.146
813.081
813.094
813.094
813.101
813.23
813.231
813.876
813.878
813.998
814
814.005
814.48
814.497
814.977
815.473
815.66
815.795
815.999
816.514
816.731
817.043
817.24
817.385
817.386
817.429
817.445
817.446
817.82
818.523
818.667
819.388
819.388
820.347
820.54
821.181
821.181
821.222
821.881
822.085
822.086
822.463
822.716
822.716
822.829
823.557
824.523
824.631
824.631
824.678
825.717
826.055
826.057
826.06
826.092
826.173
826.173
826.332
826.704
827.174
828.063
828.12
828.219
828.541
828.701
828.735
828.857
828.955
829.216
829.399
829.423
829.474
829.667
829.668
829.938
829.973
830.797
830.832
830.832
831.094
831.095
831.257
831.259
831.331
831.432
832.274
832.288
832.288
832.288
832.29
832.759
832.958
833.557
833.623
833.623
833.716
834.215
834.241
834.241
835.346
836.055
836.056
836.056
836.266
836.899
836.9
836.966
837.69
837.947
838.422
838.962
841.153
841.329
841.344
841.492
841.593
841.671
841.831
842.654
842.704
844.846
845.033
845.154
845.186
845.377
845.722
845.813
845.857
845.893
846.032
846.118
846.436
846.976
847.017
847.118
847.293
847.376
848.046
848.048
848.368
848.368
848.369
848.751
848.773
848.856
848.857
848.971
848.973
849.001
849.054
849.598
850.227
850.23
850.231
852.04
852.377
852.511
852.512
852.515
852.622
852.636
853.044
853.076
853.106
853.258
853.469
854.106
854.2
854.297
854.297
854.595
854.62
854.621
854.621
854.622
854.623
854.624
855.066
855.066
855.09
855.323
855.738
855.749
855.805
856.14
857.699
857.815
858.37
858.371
858.377
859.121
860.124
860.775
860.779
860.78
860.782
861.745
862.004
862.209
862.211
862.31
862.311
862.314
862.558
862.594
862.594
862.986
863.132
863.261
863.419
864.84
864.915
865.219
865.277
865.324
865.358
865.928
866.046
866.268
866.675
866.675
867.055
867.059
867.167
867.219
867.229
867.612
868.009
868.193
868.194
868.514
868.514
868.514
869.29
870.145
870.145
870.426
870.426
870.426
870.427
870.427
870.962
871.158
871.175
871.253
872.317
872.973
872.975
873.442
873.798
874.189
874.229
874.88
875.292
875.293
875.296
875.298
875.323
875.325
875.36
875.374
875.481
875.531
875.97
876.044
876.358
876.901
876.901
876.956
877.314
877.438
878.21
878.211
878.34
878.484
878.484
878.486
878.577
878.581
878.621
878.628
878.72
878.955
878.969
879.701
879.703
879.705
879.8
879.809
879.915
880.327
880.328
880.96
881.008
881.009
881.054
881.055
881.12
881.144
881.194
881.248
881.319
881.444
881.987
882.146
882.382
882.616
882.62
882.672
882.673
882.708
882.734
882.773
883.235
883.596
883.753
884.395
884.518
884.566
884.642
884.694
884.714
885.034
885.686
886.061
886.412
886.7
886.841
887.008
887.116
887.294
887.943
888.846
888.976
889.076
889.085
889.14
889.401
889.484
889.495
889.753
889.834
889.855
890.115
890.116
890.199
890.38
890.433
890.459
890.475
890.476
890.552
890.553
890.728
890.977
891.297
891.613
891.616
891.699
893.049
893.171
893.179
893.18
893.341
893.48
893.613
893.899
894.083
894.297
894.328
894.725
895.216
895.787
895.927
895.929
895.93
895.994
896.033
896.035
896.299
896.349
896.351
896.865
897.164
897.387
897.511
897.747
897.785
898.01
898.01
898.01
898.596
898.603
898.674
898.765
898.767
899.262
900.374
900.429
900.561
900.758
900.76
900.999
902.693
902.693
903.248
904.425
904.453
904.59
904.592
905.068
905.469
905.472
905.473
905.827
906.051
906.292
906.304
907.301
907.957
908.013
908.612
909.8
912.145
913.253
913.254
913.687
913.688
913.692
914.157
914.259
914.35
914.355
914.423
914.424
914.425
914.443
914.897
915.69
915.693
915.803
916.073
916.197
916.198
916.232
916.243
916.428
916.895
917.31
917.31
917.486
917.537
917.817
917.818
917.956
917.957
917.957
918.009
918.236
918.693
918.695
918.727
918.828
919.418
919.526
919.527
919.545
919.91
920.212
920.212
920.266
920.584
920.598
920.863
920.864
920.88
920.927
920.973
921.004
921.18
921.266
921.28
922.386
923.181
923.229
923.309
923.31
923.733
923.735
923.735
924.187
924.196
924.196
924.276
924.418
924.419
924.649
925.706
925.708
925.718
925.718
925.788
925.79
925.79
926.363
926.363
926.363
926.364
926.401
926.45
926.453
926.484
926.54
926.541
926.716
927.051
927.267
927.467
927.484
928.561
928.629
928.922
928.922
929.232
929.32
929.489
929.596
929.765
929.786
929.79
929.944
930.205
930.423
930.596
930.644
930.823
931.242
931.83
932.029
932.226
932.261
932.427
932.471
932.668
932.671
932.671
932.758
932.943
933.376
933.393
933.446
933.727
933.834
933.834
934.03
934.053
934.053
934.1
934.101
934.261
934.526
934.53
934.567
934.57
934.667
934.909
935.014
935.016
935.112
935.18
935.711
936.372
936.414
937.061
937.078
937.085
937.085
937.263
937.287
937.79
938.082
938.269
938.907
938.907
938.908
938.987
939.123
939.208
939.21
939.618
939.838
939.841
940.036
940.036
940.303
940.516
940.731
940.733
940.734
940.876
940.877
941.549
941.6
941.776
942.328
942.328
942.386
943.02
943.155
943.553
943.558
944.296
944.388
944.388
944.389
944.965
945.061
945.149
945.154
945.207
945.474
945.617
945.635
945.635
945.728
945.948
945.949
946.01
946.013
946.287
946.288
946.288
946.288
946.29
946.29
946.901
946.903
947.084
947.084
947.085
947.085
947.111
947.624
947.899
947.9
947.922
948.431
948.891
948.973
948.974
948.974
949.166
949.168
949.296
949.298
949.335
949.441
949.613
949.614
949.679
949.679
949.834
949.87
950.127
950.434
950.553
950.561
950.652
950.723
950.967
950.97
951.218
953.082
953.139
953.139
953.421
953.423
953.529
954.52
954.952
954.953
954.953
954.954
954.978
955.409
955.601
955.602
956.605
956.606
956.607
956.611
956.612
956.612
956.615
957.011
957.044
957.212
957.41
957.585
957.686
957.688
957.795
957.885
958.097
958.097
958.543
958.625
958.654
958.998
959.3
959.658
959.749
959.749
959.957
959.957
959.993
960.353
960.727
960.852
960.878
960.981
961.043
961.369
961.875
963.347
963.583
963.611
965.576
965.807
966.28
966.281
966.568
966.631
967.763
968.089
968.146
968.193
968.31
968.363
968.737
968.94
968.942
971.672
971.763
971.765
971.92
972.59
972.6
972.816
972.843
972.845
972.846
972.906
973.106
973.107
973.192
973.238
974.05
974.129
974.476
974.801
975.586
976.001
976.163
976.415
976.567
976.71
978.339
978.425
978.426
978.527
979.108
979.35
979.35
979.352
979.476
979.478
979.479
979.481
979.532
979.769
979.864
979.872
979.96
980.074
980.205
981.248
981.249
981.251
981.94
982.141
982.533
982.562
982.562
982.658
982.774
983.195
983.224
983.561
983.563
983.592
984.496
984.496
984.664
984.722
984.725
985.021
985.256
985.366
985.368
985.369
985.697
985.814
985.814
985.911
986.117
986.267
986.57
986.646
986.648
988.081
988.199
988.287
988.482
988.553
988.614
988.616
988.867
989.035
989.615
990.405
990.464
990.759
990.778
991.682
991.683
991.724
991.744
991.815
992.02
992.02
992.235
996.443
996.444
996.445
996.445
996.488
996.488
996.519
996.597
996.598
996.6
996.899
996.939
997.111
997.112
997.243
997.326
997.864
997.869
997.916
997.918
998.145
998.556
998.599
998.6
998.602
998.613
998.615
998.65
998.94
999.077
999.078
999.228
999.261
999.337
999.446
999.555
999.557
999.896
1000.76
1001.27
1001.28
1002.08
1002.59
1002.65
1002.65
1003.17
1003.77
1004.22
1004.22
1004.42
1005.38
1005.65
1005.65
1005.71
1005.72
1005.72
1005.9
1006.15
1006.5
1006.56
1006.62
1006.64
1006.96
1007.21
1007.84
1007.84
1007.85
1007.85
1008.02
1008.73
1008.73
1008.73
1008.8
1009.02
1009.31
1009.32
1009.36
1009.49
1009.63
1009.76
1009.83
1010.02
1010.02
1010.21
1010.39
1010.43
1010.43
1010.46
1010.54
1010.68
1010.69
1010.69
1010.8
1011.22
1011.67
1011.71
1011.72
1011.88
1012.19
1012.19
1012.19
1013.18
1013.33
1013.44
1013.71
1013.85
1013.85
1013.85
1014.45
1015.13
1015.15
1015.18
1015.19
1015.98
1016.1
1016.13
1016.39
1016.39
1016.41
1016.42
1016.57
1016.57
1016.67
1016.82
1016.89
1017.01
1017.07
1017.27
1017.86
1017.88
1018.75
1018.8
1018.87
1019.08
1019.21
1019.39
1019.47
1019.94
1019.95
1019.95
1021.42
1021.42
1021.42
1021.43
1022.28
1022.52
1022.61
1022.7
1022.87
1023.24
1023.3
1023.71
1023.76
1024.74
1025.77
1026.86
1027.1
1027.12
1027.12
1027.12
1027.14
1027.14
1027.14
1027.83
1028.4
1028.4
1028.41
1028.41
1028.5
1028.56
1029.88
1030.11
1030.14
1030.81
1031.07
1031.3
1031.41
1031.5
1031.51
1031.68
1031.72
1031.74
1031.81
1031.87
1032.21
1032.47
1032.85
1032.85
1033.07
1033.24
1033.24
1033.94
1033.98
1034.26
1034.41
1034.41
1034.47
1034.53
1034.6
1034.63
1034.63
1034.64
1034.84
1035.13
1035.21
1035.26
1035.26
1035.41
1035.49
1035.85
1036.07
1036.07
1036.19
1036.35
1036.88
1037.31
1037.49
1037.55
1038.22
1038.56
1038.71
1038.71
1038.8
1039.61
1040.28
1040.47
1040.48
1040.82
1041.18
1042.08
1042.27
1042.49
1043.34
1044.27
1044.45
1044.82
1045
1045.14
1045.29
1045.36
1045.66
1045.82
1045.84
1046.06
1046.08
1046.43
1046.52
1046.75
1047.24
1047.83
1048.3
1048.32
1048.45
1048.45
1048.64
1049.02
1049.02
1049.05
1049.05
1049.12
1049.33
1049.34
1049.4
1049.85
1049.88
1050.34
1050.34
1050.34
1050.34
1051.04
1051.06
1051.06
1051.14
1052.53
1052.68
1052.76
1053.32
1053.34
1053.34
1053.48
1053.61
1053.61
1053.61
1053.81
1053.95
1053.95
1054.16
1054.32
1054.39
1054.39
1054.39
1054.92
1055.48
1055.76
1055.92
1056.1
1056.41
1056.88
1057.21
1057.27
1057.54
1057.67
1057.67
1057.69
1058.42
1058.57
1058.82
1058.94
1059.23
1059.75
1059.81
1059.81
1060.13
1060.31
1060.35
1060.44
1060.44
1060.6
1060.69
1061.03
1061.21
1061.21
1061.22
1061.55
1061.55
1061.76
1061.86
1061.86
1061.86
1061.99
1061.99
1062.81
1064.38
1064.4
1064.75
1065.16
1065.69
1065.7
1065.7
1066.18
1066.45
1066.45
1067.01
1067.07
1067.73
1067.84
1067.88
1068.11
1068.16
1068.4
1068.69
1068.83
1069.02
1069.8
1069.84
1070.53
1070.53
1070.9
1071.13
1071.14
1071.18
1071.83
1073.69
1073.87
1074.34
1074.44
1074.55
1074.62
1074.66
1075.18
1076.21
1076.43
1076.53
1076.55
1076.58
1076.59
1076.59
1076.63
1077.32
1077.32
1077.36
1077.45
1077.95
1078.29
1078.34
1078.34
1078.81
1079.36
1079.93
1080.18
1080.31
1081.88
1082.01
1082.02
1082.08
1082.91
1082.91
1082.91
1082.95
1082.95
1082.95
1083.1
1083.1
1083.29
1083.34
1083.34
1084.22
1084.22
1084.52
1084.59
1084.85
1085.03
1085.25
1085.48
1085.53
1085.56
1086.01
1086.34
1086.96
1086.97
1087.86
1087.91
1087.91
1088.15
1088.23
1088.23
1088.23
1088.51
1088.77
1089.02
1089.02
1089.36
1089.94
1090.76
1090.92
1091.37
1091.37
1091.44
1091.56
1091.56
1091.65
1091.65
1092.1
1092.3
1092.46
1092.46
1092.49
1092.6
1092.63
1092.81
1092.97
1093.17
1093.42
1093.46
1093.51
1093.55
1093.73
1093.73
1094.06
1094.08
1096.12
1096.33
1096.34
1096.45
1096.58
1097.75
1097.78
1097.79
1097.83
1097.83
1098.06
1098.29
1098.29
1098.63
1098.72
1098.72
1098.83
1098.83
1098.83
1098.83
1098.84
1098.84
1098.84
1099.02
1099.08
1099.09
1099.09
1099.22
1099.25
1099.32
1099.33
1099.84
1100.01
1100.43
1100.72
1100.85
1100.86
1100.94
1101.02
1101.26
1101.26
1101.26
1101.44
1101.59
1102.24
1102.52
1103.18
1103.18
1103.87
1105.34
1105.51
1105.55
1105.7
1106.25
1106.26
1106.64
1106.86
1106.93
1106.98
1107.28
1107.88
1107.88
1109.02
1109.03
1109.03
1109.03
1109.24
1109.24
1109.64
1110.79
1110.79
1110.9
1111.55
1112.11
1112.41
1112.72
1113.5
1113.5
1113.81
1113.94
1114.05
1114.05
1114.06
1114.29
1114.35
1115.24
1115.46
1115.77
1116.08
1117
1117.12
1117.47
1117.74
1118.34
1118.34
1118.47
1118.47
1118.96
1119.01
1119.05
1119.1
1119.59
1119.59
1119.65
1119.74
1120.59
1120.74
1120.81
1120.88
1121.02
1121.17
1121.27
1121.27
1121.29
1121.44
1121.56
1121.57
1121.97
1122.1
1122.1
1122.1
1122.13
1122.48
1122.79
1122.79
1122.84
1124.63
1124.63
1124.9
1125.23
1125.52
1125.9
1126.2
1126.78
1126.91
1126.99
1127.05
1127.28
1127.56
1127.66
1127.76
1127.91
1127.95
1128
1128
1128
1128.62
1128.62
1128.9
1128.9
1128.9
1128.91
1128.91
1129.1
1131.93
1131.98
1132.26
1132.42
1132.5
1132.52
1132.59
1133.29
1133.38
1133.44
1133.48
1133.75
1134.01
1134.36
1134.4
1134.62
1134.62
1134.78
1134.83
1134.83
1134.92
1135.02
1135.23
1135.23
1135.26
1135.27
1135.58
1135.64
1135.73
1135.85
1136.19
1136.19
1136.25
1136.35
1136.65
1136.72
1137.06
1137.76
1138.88
1138.88
1139.25
1139.31
1139.31
1139.31
1139.62
1139.67
1139.71
1139.86
1141.06
1141.33
1141.33
1141.52
1141.54
1141.65
1142.56
1142.57
1142.63
1142.63
1143.1
1143.42
1143.45
1144.26
1144.9
1144.92
1145.16
1145.34
1145.38
1145.53
1145.75
1145.77
1145.77
1145.77
1146.15
1146.16
1146.92
1148.66
1148.81
1149.39
1149.95
1150.12
1150.46
1150.51
1150.51
1150.75
1150.75
1150.82
1150.82
1150.85
1150.85
1150.98
1150.98
1151.32
1151.61
1151.76
1151.89
1152
1152
1152.02
1152.08
1152.63
1152.88
1153.02
1153.02
1153.31
1153.43
1153.66
1154.39
1154.48
1154.51
1154.71
1154.74
1155.05
1155.56
1155.73
1156.48
1156.53
1156.53
1157.06
1157.26
1157.26
1157.26
1157.27
1157.32
1158.46
1158.49
1160.1
1161.08
1161.08
1161.08
1161.22
1161.46
1161.46
1161.63
1162.3
1162.33
1162.41
1162.43
1162.46
1162.54
1163.16
1163.62
1163.62
1164.21
1164.21
1164.81
1165.06
1165.16
1165.2
1165.25
1165.27
1165.66
1165.66
1166.92
1167.02
1167.03
1167.21
1167.21
1167.34
1167.36
1167.46
1167.46
1167.72
1167.78
1167.86
1168.28
1168.48
1168.8
1169.1
1169.13
1169.65
1170
1170
1170.2
1171.28
1171.61
1172.39
1172.39
1172.96
1173.08
1174.08
1174.43
1174.59
1174.72
1175.08
1175.08
1175.08
1175.09
1175.59
1176.25
1176.68
1176.71
1176.73
1176.95
1176.95
