0.482176
0.484282
0.529207
0.530492
0.571284
0.757935
0.758992
0.80946
0.809698
1.35328
1.73142
1.87329
1.89199
1.90546
2.68822
2.68884
2.69933
2.85055
2.85153
2.85224
2.85264
2.86877
3.07325
3.26942
3.44379
7.73831
7.95374
8.15219
8.6284
10.6158
10.9345
11.502
14.6757
16.2073
16.2089
16.4527
17.1586
17.2214
17.2223
20.3198
20.388
20.4095
20.9915
20.9919
20.992
21.1928
22.0033
22.4309
22.8754
23.0642
23.344
23.3448
23.3557
23.5107
26.2458
26.25
26.2595
31.0933
31.9896
32.942
33.6014
34.5604
34.6663
35.5175
35.7182
37.0679
37.7832
37.8646
37.8716
37.9348
37.9517
38.4587
38.6184
39.0266
39.2756
39.2761
41.2256
41.555
42.5525
42.571
44.0443
44.1655
44.1663
44.5674
45.1122
47.5234
49.7681
49.7688
49.7912
52.0542
52.2548
53.5989
53.7056
55.4617
56.0009
56.2363
56.314
56.9411
57.282
60.2285
60.2717
60.2924
60.427
60.8097
60.8113
62.1242
62.3785
62.5869
62.5874
63.8593
63.8597
63.861
65.1253
65.3529
65.3534
66.4015
67.7326
68.009
70.563
70.5642
70.673
71.7162
73.28
75.8642
76.9987
77.002
78.3513
78.3516
78.481
79.0264
79.0271
79.0939
83.1077
83.1431
83.144
83.1456
83.2143
83.2153
83.2852
83.3251
83.3255
83.5295
84.7984
85.0254
85.3588
85.9684
86.7295
86.7297
89.0366
89.0965
89.1602
91.0324
91.5572
93.4217
93.746
94.3389
94.34
94.3415
94.8649
95.5254
95.8971
96.0624
96.2102
96.2995
96.509
97.5501
97.8215
97.8301
97.9543
98.2197
98.5191
98.5197
98.5201
98.9093
98.9103
98.9248
98.9416
99.2241
99.338
99.4802
99.4808
100.027
100.151
100.866
101.09
102.021
102.902
102.924
102.929
102.929
102.93
103.204
103.23
103.23
103.232
103.307
104.986
104.988
104.99
105.732
108.138
108.376
109.319
109.427
110.143
110.299
110.299
111.343
111.704
111.834
111.835
111.837
111.989
112.503
112.931
113.791
114.153
114.153
114.163
114.207
114.241
114.317
115.527
117.598
117.603
117.603
117.849
118.01
118.299
118.911
121.117
121.199
121.303
122.114
122.126
122.25
126.018
126.02
126.02
126.051
126.717
128.061
128.216
128.614
132.662
132.663
132.947
133.673
133.673
133.679
134.057
134.503
135.776
135.777
135.816
135.817
135.976
136.423
136.722
137.404
137.478
137.479
138.006
138.006
138.008
138.088
138.089
138.089
138.092
138.167
138.171
138.526
138.527
138.609
139.946
140.725
140.725
141.133
141.927
142.71
142.784
142.784
143.933
144.025
144.025
144.296
144.479
144.888
145.038
145.364
145.368
147.896
148.548
148.583
156.937
156.941
156.942
156.946
156.999
157.351
157.609
160.415
160.418
160.418
160.418
160.421
160.423
160.927
160.943
161.749
161.861
161.97
162.128
162.267
162.267
164.869
165.107
166.061
166.061
167.502
167.931
167.932
168.543
169.444
169.724
169.801
169.801
170.231
171.147
171.528
171.719
171.968
171.974
172.033
172.085
172.119
172.883
172.928
173.002
173.335
176.348
178.671
178.671
178.672
178.686
178.687
178.689
178.69
178.691
178.785
178.99
179.041
179.689
179.778
179.779
179.951
179.951
179.953
179.953
179.954
179.955
180.081
182.126
182.126
182.929
185.426
185.426
186.736
186.736
187.148
187.148
189.215
189.27
189.639
189.64
189.806
189.852
190.213
190.331
191.084
191.433
191.498
191.498
191.565
191.567
191.709
192.023
192.026
192.188
192.19
192.19
192.312
192.39
192.435
192.979
193.006
193.354
193.618
195.001
195.288
195.288
196.604
196.604
196.701
196.902
197.028
197.326
199.094
199.168
199.169
199.837
199.841
199.872
200.036
200.036
200.041
202.357
202.358
202.681
202.681
203.147
203.149
204.32
204.32
204.35
205.223
206.022
206.042
206.771
210.058
210.061
220.405
220.679
222.036
224.417
224.417
224.898
225.578
225.8
225.915
227.321
227.322
227.322
227.374
227.392
227.464
227.818
227.824
228.81
228.811
229.801
229.802
229.802
229.991
229.993
230.166
230.468
231.07
231.474
232.289
232.918
233.031
235.033
235.1
238.032
238.636
239.447
240.115
241.498
241.639
241.639
241.946
242.816
242.817
243.237
243.237
243.277
243.898
244.293
244.406
244.407
244.588
245.806
246.967
247.105
247.147
247.158
247.926
250.894
250.894
250.941
252.543
252.544
252.602
252.934
252.934
253.655
253.686
253.698
253.838
254.089
261.197
261.328
261.331
261.332
261.333
261.598
262.155
262.921
263.417
263.824
264.304
264.306
265.061
265.062
265.064
265.064
265.417
265.464
265.54
266.994
267.014
267.262
267.59
267.714
269.773
269.774
270.671
270.982
270.983
270.989
271.756
272.687
273.183
274.787
279.257
279.843
280.554
282.26
282.874
282.917
283.067
283.112
283.466
284.989
285.211
285.212
285.212
285.976
286.019
286.785
286.877
287.554
287.613
287.652
288.087
288.09
288.252
288.361
295.001
296.582
296.932
297.057
297.189
297.263
299.611
299.915
300.354
301.001
301.001
301.683
301.683
302.532
302.674
302.729
302.863
303.959
303.959
304.193
309.446
309.453
309.455
310.135
313.359
313.395
314.685
314.724
314.731
315.678
315.729
315.73
315.731
315.88
316.655
316.655
316.711
317.715
318.619
318.659
318.739
318.922
320.402
320.55
321.049
321.049
322.416
322.71
322.732
322.799
323.015
324.352
324.357
325.569
325.678
325.996
325.997
325.997
326.738
326.74
327.158
327.705
327.726
327.848
327.857
328.02
328.215
329.491
329.548
329.599
329.817
329.817
331.487
332.302
334.244
338.591
338.592
338.647
340.042
340.104
340.105
340.12
341.222
341.343
341.413
341.414
342.789
343.392
343.472
343.998
344.001
344.099
344.1
348.363
349.308
349.407
349.451
349.451
349.955
350.153
350.313
353.729
353.755
354.606
354.607
354.714
354.869
355.04
356.321
356.332
356.886
357.025
357.122
357.366
357.514
357.535
357.535
357.598
357.658
357.827
357.828
357.88
357.881
360.078
360.209
360.583
361.583
362.566
362.738
363.05
366.951
368.157
368.492
369.463
369.481
369.651
369.652
370.53
370.539
370.539
371.083
371.084
371.085
371.13
371.183
371.207
375.248
375.249
375.257
375.3
375.303
376.239
376.239
376.294
376.302
376.302
376.305
377.841
377.842
386.302
387.587
387.588
387.776
387.776
387.778
387.796
388.526
388.739
390.203
391.342
391.665
391.673
391.673
394.011
394.117
394.117
394.118
395.292
395.292
395.469
395.699
395.883
395.883
401.078
401.524
401.986
402.246
402.514
402.911
404.507
404.568
404.612
405.435
405.883
405.883
405.992
405.992
406.003
406.223
407.004
407.264
407.264
407.264
408.069
408.728
408.728
409.692
410.24
410.726
412.35
412.35
412.499
413.322
415.685
415.818
415.832
415.912
415.94
416.634
416.696
417.921
417.952
418.558
418.981
419.045
419.42
419.463
424.398
424.445
425.11
426.066
426.596
426.596
426.596
426.659
426.742
426.96
427.309
433.908
433.921
433.932
433.932
434.017
434.045
434.047
434.301
434.562
434.808
435.088
436.278
436.34
436.34
437.105
437.479
437.718
437.718
437.829
437.904
439.454
439.458
439.458
439.459
440.377
440.825
440.933
440.934
440.944
441.123
441.125
441.128
441.302
441.303
441.303
441.875
442.068
442.386
442.386
442.386
442.448
442.449
442.519
442.816
443.572
444.973
445.303
445.303
445.303
446.077
446.442
452.958
453.322
453.531
453.532
453.785
453.865
453.866
453.867
453.87
453.919
453.98
455.139
455.168
455.169
455.244
455.565
455.882
455.958
456.055
456.411
456.644
456.646
457.311
457.879
458.39
459.501
459.775
460.703
461.294
461.376
461.451
463.143
463.146
463.146
463.473
463.473
464.429
465.071
465.071
465.072
465.239
465.239
465.241
465.242
465.314
465.461
465.495
465.496
465.63
465.693
465.79
466.25
466.523
473.33
474.198
476.671
476.848
476.928
477.019
478.621
478.621
479.612
480.033
480.034
481.233
481.253
481.984
482.121
482.801
484.348
484.375
484.376
485.267
485.267
485.27
485.987
485.989
486.006
486.007
486.024
486.197
486.198
486.198
486.862
487.414
488.618
489.267
493.971
494.664
494.873
494.89
495.86
496.415
496.417
496.696
498.383
498.599
498.6
498.879
498.885
499.968
499.991
500.504
500.59
501.078
501.411
501.462
501.591
502.46
502.461
502.742
502.761
502.767
503.926
505.164
512.669
513.165
513.167
513.167
513.35
516.279
516.304
516.397
525.734
526.129
526.13
526.13
526.167
527.239
529.215
529.215
534.149
534.15
534.579
534.581
534.662
534.664
534.666
534.873
535.11
536.59
536.59
536.651
536.652
536.844
537.166
537.488
537.488
537.527
537.909
537.91
537.91
538.259
538.259
539.343
539.345
539.346
541.196
541.242
541.242
541.28
541.29
543.45
543.594
543.6
544.026
544.241
547.947
547.949
549.601
549.65
549.907
553.148
553.149
553.15
559.564
560.024
560.974
560.974
561.014
570.325
571.456
571.458
571.894
573.868
573.869
573.871
574.543
574.618
574.687
575.304
575.728
577.656
577.971
577.994
577.996
578.643
578.644
579.124
579.617
580.28
586.581
586.611
586.614
587.448
589.132
593.014
593.184
594.15
594.548
594.608
594.608
595.321
596.467
596.653
596.7
596.947
596.948
597.964
597.965
598.217
598.349
598.351
599.606
600.08
600.226
600.59
600.687
600.973
601.143
601.951
603.483
603.555
603.557
603.557
603.557
603.935
604.162
604.162
604.163
604.17
604.432
604.667
606.172
609.154
609.155
611.511
612.524
612.525
613.394
614.3
614.301
614.622
614.622
614.632
620.61
622.3
622.832
623.091
623.196
623.226
623.7
623.701
623.784
623.785
623.786
624.457
624.478
624.772
624.892
626.901
628.12
628.244
629.11
635.009
635.064
635.59
635.599
636.456
638.267
638.268
638.493
638.534
640.407
640.798
640.864
641.992
642.421
642.515
642.778
644.241
644.275
644.293
644.298
645.064
645.306
645.357
645.653
646.063
646.819
649.448
649.448
649.448
650.331
650.719
650.952
651.531
651.635
651.636
653.024
655.66
656.006
656.212
656.907
657.215
658.294
658.342
658.674
659.655
659.917
660.023
660.125
662.841
662.844
662.844
665.725
666.604
668.126
668.311
668.996
668.998
669.329
669.457
669.458
669.462
669.462
669.462
669.707
673.655
674.203
674.576
675.237
675.297
676.236
676.237
676.376
676.596
676.597
676.6
676.61
676.773
677.07
677.227
677.376
677.945
678.291
679.275
679.377
679.584
679.87
680.109
680.263
684.481
688.787
688.943
689.137
689.14
689.562
690.963
691.051
691.998
693.996
694.333
694.426
694.922
697.253
697.254
697.572
698.498
698.564
698.565
700.526
703.249
704.444
706.168
706.285
706.286
706.366
706.77
709.454
709.772
710.763
710.844
710.847
710.848
712.145
712.429
714.039
714.546
714.808
714.883
715.836
716.214
717.129
717.131
717.131
717.131
717.138
717.472
717.579
717.615
717.746
718.106
718.146
718.183
718.184
718.692
718.89
719.094
719.276
719.799
721.11
721.538
727.535
727.592
728.013
728.239
728.318
728.32
729.968
730.34
730.49
730.618
730.814
732.285
732.597
733.391
733.393
733.393
733.719
733.724
733.725
733.727
733.746
733.748
733.748
733.753
733.782
734.931
735.53
735.531
737.994
737.995
738.407
738.61
739.683
739.686
739.769
739.77
739.77
739.894
740.989
741.444
741.447
743.046
743.167
743.683
745.582
746.139
747.121
747.386
748.221
748.224
749.021
749.28
749.282
749.282
749.373
749.992
750.503
751.046
751.182
752.922
752.925
754.03
754.467
754.495
754.609
754.712
754.783
755.025
756.463
756.668
757.196
757.306
757.795
757.819
757.82
758.502
758.584
758.708
765.096
765.206
765.886
765.889
766.231
766.312
766.524
767.35
767.415
767.415
767.569
768.009
768.098
768.152
768.533
768.784
771.086
771.086
771.628
771.666
772.36
774.972
776.699
779.251
779.251
780.427
780.61
780.612
780.827
780.846
780.846
780.886
781.314
781.314
782.494
782.494
782.608
782.83
783.881
784.746
784.965
786.095
786.168
786.168
786.905
787.388
787.389
787.389
787.396
787.814
788.243
788.244
789.268
789.269
789.839
789.839
791.588
791.59
791.591
791.786
792.065
792.174
795.126
795.228
795.229
797.249
798.584
798.795
798.796
798.855
798.962
798.964
799.633
799.633
799.633
800.519
800.519
801.401
801.459
803.724
803.724
805.27
806.835
808.579
808.58
810.075
810.075
810.079
810.101
810.103
811.107
812.248
813.122
813.143
814.804
814.804
815.286
815.34
816.358
816.568
816.624
816.627
816.765
817.037
817.04
817.042
817.043
818.098
818.099
818.099
818.1
818.115
818.116
819.123
819.399
819.742
819.829
821.09
822.025
824.61
826.195
826.266
826.266
826.718
827.82
828.908
828.916
828.916
828.937
829.183
829.293
829.906
829.906
830.132
830.137
831.056
831.067
832.785
832.821
832.822
832.827
832.891
833.765
834.22
834.221
834.531
834.565
834.576
834.971
835.54
835.54
836.068
836.07
836.072
836.072
836.082
837.204
837.471
837.471
837.598
837.599
838.398
838.408
838.456
838.604
838.884
838.908
839.209
839.262
840.197
841.804
841.806
842.878
842.971
842.973
843.386
843.476
843.589
843.785
843.809
843.85
843.908
843.959
844.521
844.521
844.974
844.974
845.345
845.879
846.472
847.692
850.523
850.765
851.32
851.509
851.535
852.275
852.277
852.455
853.111
853.112
853.124
853.124
854.118
854.445
854.445
854.445
854.453
854.495
855.163
855.477
855.552
855.552
856.27
856.27
857.507
857.507
857.578
857.698
857.728
859.139
859.695
859.698
860.531
860.545
860.993
861.082
861.297
861.327
861.328
861.444
861.444
861.688
862.622
862.629
862.632
862.635
863.118
865.901
866.361
866.363
866.363
866.364
866.364
866.369
866.477
866.512
866.513
867.057
867.085
868.813
869.089
869.247
869.28
870.175
870.619
871.334
872.392
873.265
873.366
876.332
882.547
882.656
882.803
883.627
884.269
884.269
884.273
884.701
888.066
889.997
890.576
890.631
890.73
890.732
890.759
890.815
