0.219298
0.238883
0.371622
0.403986
0.487853
0.488058
0.603396
0.603695
0.716248
1.23117
1.2995
1.29957
4.67707
14.2675
44.7907
44.8268
45.0082
109.025
178.639
178.641
179.098
179.163
179.164
179.164
179.165
179.174
179.42
179.421
181.902
181.95
181.956
184.414
186.838
189.827
189.973
218.035
218.037
218.438
219.886
305.947
305.949
306.837
306.939
306.94
313.96
313.96
314.663
314.67
314.671
316.488
316.489
321.371
321.461
321.464
322.914
323.475
323.503
327.757
327.759
327.759
327.791
328.497
408.607
408.617
413.305
413.499
413.502
418.333
421.582
421.889
422.255
422.255
422.256
422.331
431.983
466.995
470.345
537.146
537.165
537.165
