0.368773
0.5078
0.511016
0.54034
0.546963
0.596103
0.660983
0.720593
0.722861
0.775715
0.779365
0.833049
1.1456
1.28013
1.28033
1.5497
1.62873
2.13975
2.14578
2.14742
2.18972
2.88306
2.88409
2.8846
4.11781
4.1851
4.26721
4.52256
4.56567
4.86227
5.24536
7.27491
7.69702
8.29153
8.29239
9.10535
10.7494
10.879
10.8791
11.3806
11.6912
11.6914
11.8385
12.1124
12.689
12.87
12.9396
12.9397
13.4796
13.7267
13.9367
14.2549
14.8771
15.3216
16.7197
18.15
18.1706
19.4421
19.8382
21.0918
22.0939
22.2006
22.2189
22.2199
23.5381
23.5857
24.2221
28.3447
28.6193
29.4922
29.7276
29.7283
30.0537
30.1948
30.3098
30.3103
30.3103
31.1622
31.1748
31.2638
31.3134
31.4147
31.5294
31.8267
32.2497
33.2439
33.5239
33.6468
34.4867
34.6885
34.7295
34.9204
34.9206
34.9303
34.9447
34.947
34.9593
34.9594
35.8078
35.8914
35.8924
35.8925
35.8927
36.1629
36.1705
37.0294
40.1806
40.1839
40.3633
41.5186
41.5661
41.9069
44.6626
45.0907
45.0943
45.2339
45.4512
46.0311
46.4527
46.6277
46.6385
46.6473
47.6374
47.6384
47.9875
48.1129
48.3157
48.419
48.9106
48.9115
48.9969
49.0254
49.2204
49.667
49.7749
49.8156
49.8162
49.8402
51.6902
52.0724
52.0762
52.4745
52.4774
52.4791
53.5557
53.5575
55.4356
55.4462
55.4947
58.2716
58.4784
58.6519
58.7041
60.6768
64.2697
67.6291
67.6373
67.6391
67.7256
70.1107
70.3988
70.4014
70.4017
70.4515
70.5205
70.7051
70.7196
70.8108
70.8131
70.8164
71.0317
71.3449
71.6918
71.7997
71.8912
71.918
74.5984
74.8975
75.9348
75.9382
75.9385
76.0552
77.9696
78.156
78.1587
78.1646
78.1742
78.2978
83.2602
83.5598
83.5603
83.9338
83.9342
84.8701
87.1136
88.1425
88.5619
88.6381
88.8225
90.4195
90.6727
91.0158
91.1238
91.1254
91.1283
92.3855
93.6367
94.7227
94.8896
95.418
96.5804
97.0351
98.8644
98.8644
99.2324
99.5338
99.9674
100.025
100.432
100.859
100.886
100.973
101.472
101.479
101.943
101.944
101.945
102.036
103.578
103.702
103.793
104.689
104.689
104.771
105.024
105.024
105.116
105.61
105.748
105.837
105.851
105.866
105.87
105.871
106.794
106.913
107.005
107.431
108.02
108.025
108.025
108.026
108.059
108.152
108.51
108.62
108.648
110.063
110.112
110.113
112.914
113.034
113.084
113.183
113.207
113.263
113.265
113.385
113.709
113.709
113.758
113.823
113.824
114.127
114.284
114.286
114.355
114.745
114.844
115.031
115.032
115.247
115.351
115.352
115.424
116.443
116.443
116.464
116.467
116.494
116.494
118.717
118.744
118.978
120.139
120.596
120.597
120.598
120.648
120.648
120.664
121.316
121.501
122.461
122.466
123.228
124.218
124.232
124.31
125.325
125.928
126.545
126.668
127.979
128.258
128.41
129.415
130.87
130.87
131.266
131.407
131.847
133.006
133.008
133.009
133.084
133.912
134.488
135.291
135.374
135.814
136.001
136.296
136.298
136.317
136.318
136.441
136.445
136.984
137.223
137.317
137.318
137.484
137.534
138.041
138.041
138.095
138.113
138.306
138.306
138.318
138.386
138.45
138.685
140.868
142.289
143.463
143.576
143.65
144.173
144.175
145.858
145.878
146.026
146.258
146.258
146.625
147.048
147.049
147.601
147.795
147.795
147.893
148.008
148.008
148.142
148.218
148.219
148.352
148.375
148.375
148.375
148.429
148.793
148.794
148.925
148.926
149.146
149.147
149.215
149.224
149.497
149.709
149.709
149.71
149.711
149.857
149.881
149.883
150.039
151.577
152.109
152.564
152.568
152.86
152.998
153.278
153.365
153.75
154.02
154.155
154.155
155.353
155.608
155.889
156.033
156.034
157.752
158.007
158.272
158.279
162.842
162.846
162.954
163.395
163.95
164.599
165.008
165.159
165.497
166.421
167.07
167.071
167.263
167.28
167.282
167.676
168.14
169.338
170.45
170.872
171.049
171.051
171.298
171.299
171.453
171.489
171.68
171.681
171.704
172.086
172.136
172.141
172.663
172.665
172.666
173.915
173.916
174.371
174.573
174.647
174.648
175.742
175.747
175.748
175.85
176.332
178.01
178.815
182.514
182.817
183.307
183.308
183.328
183.33
183.388
183.503
183.626
183.628
186.279
186.674
186.895
187.078
187.686
187.801
187.833
187.834
188.733
189.762
190.632
190.794
190.847
190.938
191.083
191.251
191.271
191.272
192.202
192.242
192.243
192.465
192.67
192.67
193.036
193.072
193.133
193.746
193.747
193.984
194.665
195.006
195.812
195.927
196.059
196.062
196.063
196.064
196.075
196.181
196.864
196.866
197.416
197.598
197.601
198.02
199.038
199.312
199.4
200.391
200.425
201.87
201.87
201.87
201.871
201.872
202.247
202.248
202.503
202.77
203.563
203.623
203.628
203.699
203.89
204.099
204.168
204.365
205.051
205.302
205.306
205.308
205.309
205.479
205.481
205.528
205.528
205.53
205.586
206.544
206.75
206.751
206.822
206.863
206.953
206.953
207.017
207.071
208.126
208.126
208.581
208.673
208.725
208.775
208.811
209.683
209.683
209.683
209.824
210.423
210.424
210.424
210.563
210.603
210.854
212.234
213.388
213.801
213.802
214.07
214.447
214.45
215
215.002
216.711
216.728
217.768
217.768
217.771
217.776
217.778
218.944
218.947
219.069
219.119
219.119
219.439
219.439
219.765
219.765
219.891
219.891
219.895
219.896
219.897
220.665
220.688
220.688
220.797
220.862
221.462
221.678
222.115
222.268
222.452
222.458
222.458
222.461
222.546
222.721
223.735
224.927
224.944
224.945
225.618
226.171
226.417
226.48
226.538
226.947
227.259
227.579
228.247
228.247
228.93
228.998
232.022
232.039
232.22
232.281
232.288
232.289
232.52
232.523
232.65
232.651
232.651
232.653
232.839
232.84
234.893
235.011
235.306
235.387
235.468
235.786
236.086
236.102
236.326
236.433
237.183
237.183
237.703
237.704
237.705
237.706
237.707
239.389
239.744
239.744
239.745
240.943
240.945
241.907
242.163
242.731
242.784
243.45
244.049
244.195
244.268
244.362
244.412
244.632
245.696
246.153
246.49
248.623
248.624
248.665
248.713
249.555
249.678
249.708
250.022
250.023
250.235
250.497
250.501
250.971
251.074
251.118
251.22
251.351
252.379
252.755
252.985
253.191
253.192
253.578
255.276
256.275
256.893
257.035
257.042
257.124
257.125
257.126
257.127
257.898
258.493
259.407
260.101
260.102
260.774
260.774
261.054
261.226
261.238
261.272
261.308
261.377
261.467
261.467
261.472
261.472
261.733
262.418
262.42
262.827
262.829
262.977
263.892
263.893
263.958
263.959
263.995
264.001
264.002
264.107
264.279
264.356
264.402
264.937
266.28
266.28
266.28
266.283
266.284
266.993
267.241
267.326
267.327
267.329
268.859
268.977
269.213
269.234
269.598
269.598
269.692
270.6
270.848
271.519
271.54
272.102
272.131
272.132
272.247
272.747
272.754
273.011
273.012
273.264
273.367
273.367
273.368
273.368
273.436
273.437
273.541
273.569
273.672
274.052
274.135
274.218
274.822
274.899
275.277
275.441
275.442
277.81
278.077
278.078
278.09
278.09
278.925
280.962
280.964
280.969
281.933
282.142
282.143
282.145
282.201
282.226
282.298
283.554
284.044
284.37
285.721
285.898
285.898
287.003
287.336
287.398
289.4
289.465
289.751
291.83
291.971
292.192
292.57
292.587
292.644
292.644
292.702
293.178
293.203
297.346
297.367
299.1
299.1
299.345
299.349
299.442
299.46
299.46
300.506
301.695
304.08
304.081
304.513
304.854
305.088
308.633
308.825
309.275
309.307
310.561
310.697
310.697
310.8
310.8
311.42
311.423
311.454
311.526
312.098
312.099
312.155
312.847
312.856
314.576
314.589
315.002
315.004
315.007
316.196
322.017
322.057
322.144
327.648
327.713
328.264
331.179
331.534
331.861
334.308
334.474
336.03
336.033
336.033
336.136
337.006
337.217
338.049
338.787
338.787
339.202
339.312
339.425
339.548
339.848
340.09
341.55
342.253
342.431
342.571
343.096
343.096
344.573
344.666
344.694
345.22
346.048
346.073
346.242
346.358
347.173
347.624
347.718
347.758
349.358
349.459
349.46
349.498
350.007
350.073
350.104
350.104
350.174
350.884
350.897
350.898
351.125
351.151
351.597
351.599
352.034
352.194
352.197
352.201
352.201
353.48
353.568
355.074
355.076
355.076
355.077
355.082
355.469
356.325
356.716
356.717
356.85
358.079
358.327
358.509
358.51
358.682
358.694
359.89
360.514
360.742
361.197
361.403
361.454
361.987
362.504
362.522
362.523
362.765
363.423
364.033
364.722
365.096
365.309
366.948
366.989
369.758
369.84
369.91
370.446
370.494
370.655
370.865
371.614
371.614
371.858
371.898
372.136
372.301
372.371
372.612
372.692
372.707
372.707
372.71
372.895
372.898
372.932
377.151
377.153
377.164
377.166
377.168
377.316
378.984
378.984
379.736
380.081
380.082
380.084
380.232
380.336
380.99
380.99
381.009
381.154
382.141
382.192
383.086
383.328
383.379
383.38
383.419
383.513
383.795
385.199
385.365
386.164
386.521
386.588
388.231
388.231
388.232
388.245
388.469
388.47
388.563
388.735
389.133
390.453
390.811
390.813
391.465
394.135
394.256
394.256
394.258
394.274
395.136
396.111
396.162
396.164
396.168
396.357
396.394
397.194
397.26
397.602
397.794
399.855
399.918
399.927
400.76
403.813
403.815
406.224
406.225
406.99
407.002
407.158
407.159
407.193
407.988
408.275
408.279
409.211
418.034
422.533
422.582
422.583
422.646
423.302
423.303
423.639
423.64
423.645
423.726
424.369
424.453
425.427
425.427
425.619
425.62
426.254
427.189
427.189
427.295
429.223
429.23
429.402
430.032
430.117
430.249
430.27
430.885
432.049
433.041
433.107
433.569
435.031
435.032
435.066
435.067
435.084
435.087
435.088
435.106
435.476
435.479
435.48
435.481
435.556
435.561
435.601
435.975
436.174
436.178
436.179
436.179
436.793
436.793
436.889
437.347
438.014
438.014
438.016
438.017
438.043
438.064
438.065
438.102
438.104
438.104
438.107
440.75
441.621
441.846
443.212
443.248
443.25
443.569
443.607
443.63
443.707
446.137
446.893
447.174
447.797
448.473
448.714
449.109
449.142
449.142
449.143
449.218
449.445
449.564
449.59
450.848
451.263
451.501
453.397
453.569
454.028
458.133
458.217
459.631
459.797
459.912
460.324
460.711
460.732
463.976
463.993
463.994
464.421
464.471
464.943
465.272
465.274
466.294
466.294
466.295
466.298
466.445
466.459
466.72
466.721
466.721
466.878
467.472
467.912
468.141
468.572
469.114
469.116
469.417
470.465
470.928
470.929
471.525
472.305
479.209
483.848
483.931
483.933
483.959
483.959
484.734
485.096
485.442
485.503
485.529
485.605
485.983
486.156
486.419
487.105
488.651
489.258
490.25
490.488
490.82
490.847
491.482
491.579
491.579
491.908
491.949
492.056
492.871
493.209
493.246
493.905
493.906
493.92
494.131
495.151
495.152
495.265
495.476
495.504
495.626
495.929
495.93
496.079
496.264
496.565
497.198
497.199
497.776
497.788
497.973
497.989
498.243
498.664
499.039
499.409
499.534
499.73
499.869
499.87
499.871
500.334
500.581
500.585
501.373
502.353
502.533
504.523
505.276
505.476
506.243
506.363
506.535
506.57
506.572
507.488
507.49
507.504
507.548
507.579
508.184
508.236
508.415
508.415
508.654
508.739
509.542
510.284
510.436
510.443
510.443
510.446
510.513
510.928
510.99
510.991
510.994
510.995
511.059
511.061
511.091
511.122
511.532
511.534
511.549
511.769
511.769
511.881
511.882
512.103
512.163
512.327
512.339
512.472
514.085
514.261
514.546
514.785
514.98
516.418
516.442
517.057
517.866
518.355
518.357
518.436
518.441
518.441
518.857
518.874
518.875
519.076
519.079
519.104
519.276
519.39
519.429
519.43
521.147
521.203
522.415
523.675
523.676
523.758
523.805
523.963
524.459
524.459
525.04
525.041
525.173
525.465
525.465
525.521
525.539
525.676
525.801
525.802
525.805
525.848
525.848
525.852
526.294
526.553
526.935
526.937
526.937
526.938
526.939
527.368
527.569
527.702
527.704
527.976
528.568
528.652
528.982
528.982
529.254
529.254
529.371
529.716
530.401
530.402
530.428
531.232
531.233
531.877
532.662
533.022
533.056
533.081
533.344
536.558
536.915
536.918
536.943
537.089
537.673
538.335
538.83
538.991
539.223
539.44
539.873
539.987
541.074
541.093
541.204
544.685
544.686
544.743
544.913
544.914
546.094
546.196
546.197
546.445
546.445
546.447
546.606
546.606
546.61
546.712
546.722
546.793
547.589
547.678
547.678
548.183
548.183
548.184
548.318
548.325
548.742
548.742
548.784
548.784
548.785
548.788
549.952
550.405
550.406
550.874
551.298
551.362
551.473
551.813
551.995
552.112
552.637
552.797
552.978
553.035
553.046
553.106
553.618
553.619
554.134
554.727
554.969
555.244
555.35
555.351
555.516
555.747
555.751
556.048
556.112
556.586
557.35
559.403
559.404
560.035
560.814
560.927
560.927
561.591
562.468
563.782
563.922
565.047
565.068
565.069
565.267
565.695
565.697
565.697
565.698
565.699
566.96
567.368
567.493
567.494
567.495
568.134
568.165
568.175
568.29
568.292
568.616
569.761
569.783
570.25
570.25
570.311
572.816
573.275
573.275
573.431
574.59
574.593
575.219
575.221
575.628
575.731
575.732
575.733
575.753
576.365
576.596
576.994
576.996
577.051
577.052
577.23
577.231
577.259
577.262
577.262
577.39
577.4
577.402
579.09
579.436
579.44
579.927
580.011
580.181
580.578
581.416
581.429
581.433
581.554
581.623
583.327
583.6
583.736
583.787
585.055
586.32
587.206
587.208
587.209
587.523
587.996
588.279
588.364
588.627
589.972
590.066
590.787
591.14
591.226
591.353
591.943
591.945
592.141
592.327
593.631
593.705
594.191
594.54
594.579
599.144
600.304
604.645
605.254
605.273
605.273
606.143
606.783
606.821
606.822
607.786
609.516
609.66
610.008
610.528
611.105
611.114
611.995
615.242
616.137
616.137
616.242
616.372
616.41
616.411
617.264
617.339
617.469
617.554
617.601
617.986
617.988
617.988
619.983
620.08
620.298
620.823
621.41
621.583
621.584
621.679
621.745
622.93
623.007
623.007
623.211
623.614
623.791
624.192
624.24
624.24
624.241
624.9
625.179
625.453
625.481
627.145
627.213
627.218
627.219
627.551
627.589
627.627
627.628
628.197
628.199
628.199
628.58
629.156
629.374
630.172
631.273
631.313
632.488
632.488
632.711
632.712
633.222
633.464
633.784
634.062
634.376
634.376
636.313
636.389
636.419
636.426
636.6
636.813
637.282
637.875
637.912
637.946
638.089
638.266
638.562
638.789
639.179
639.313
639.314
639.345
639.847
640.273
640.811
641.202
641.299
641.302
641.302
641.312
641.314
641.754
644.675
644.782
645.81
646.556
646.864
648.025
648.199
648.25
648.401
649.257
649.436
649.534
649.535
649.881
649.941
649.978
650.521
650.845
651.055
651.359
651.452
651.456
651.522
651.522
651.606
651.606
656.776
656.807
658.16
660.086
661.295
661.603
661.603
661.872
661.937
662.135
662.135
662.135
662.138
662.34
662.451
662.529
663.162
664.374
664.808
664.849
665.134
665.193
665.368
665.611
666.412
666.753
667.164
667.231
667.233
667.306
667.483
667.484
667.539
667.821
668.098
668.564
670.938
671.346
671.348
671.35
671.589
671.9
672.429
674.673
674.673
675.611
675.802
677.226
678.25
678.315
678.423
678.424
678.427
680.678
680.883
681.067
681.128
681.232
685.368
685.369
686.864
687.625
687.627
687.858
687.867
689.928
689.928
689.929
690.517
690.543
690.707
690.708
693.645
693.647
693.647
694.379
696.019
696.677
696.679
696.886
699.215
699.405
700.447
700.85
701.616
703.818
704.07
704.584
704.588
705.038
705.04
705.042
705.043
705.106
705.504
705.504
705.527
705.939
705.975
706.189
706.366
706.62
706.715
706.796
707.281
707.419
707.745
707.745
707.891
707.905
709.155
709.376
709.377
709.663
710.448
713.812
714.256
714.26
715.675
716.499
716.825
717.36
717.874
717.954
718.936
719.132
719.257
720.469
721.13
721.163
721.841
722.13
722.132
722.336
722.34
722.404
723.567
723.626
724.721
724.721
724.969
725.065
725.255
725.285
725.345
725.37
725.37
725.371
725.376
725.561
725.562
726.445
726.447
727.723
727.724
727.725
727.743
729.088
729.627
729.628
729.928
729.93
730.172
730.336
730.337
730.551
730.676
730.677
730.678
730.678
730.837
730.837
730.838
731.369
731.552
732.393
733.206
733.206
733.267
734.101
734.101
734.104
734.107
734.206
734.885
735.081
735.081
735.197
735.198
735.199
735.253
735.618
735.914
735.941
736.058
736.067
736.073
737.731
737.961
737.968
737.969
738.272
738.354
738.357
738.69
738.691
738.691
738.809
738.856
740.341
744.478
744.479
744.54
744.636
744.844
745.093
748.83
753.951
755.185
755.446
755.506
755.534
755.769
756.075
756.166
756.64
757.389
757.401
758.426
758.504
758.568
758.674
759.133
759.135
759.135
759.891
760.18
760.419
760.421
761.913
762.746
762.746
762.957
763.042
763.043
763.043
764.252
764.252
766.129
766.16
766.161
766.338
766.373
766.644
766.645
766.942
766.969
767.963
767.97
768.85
769.452
769.879
771.7
771.75
772.053
773.33
774.066
774.862
775.121
775.648
775.961
776.102
776.12
776.12
776.642
777.133
777.26
778.099
778.119
778.179
778.18
778.349
778.571
778.733
779.225
779.225
780.624
780.625
780.626
780.627
783.981
783.981
784.397
784.503
784.513
784.513
785.079
785.106
785.118
785.16
785.441
785.479
785.582
785.944
785.968
787.414
788.164
788.188
788.554
788.558
788.595
788.911
788.912
790.085
790.423
790.424
790.444
790.461
790.856
790.857
791.705
792.071
792.195
792.196
792.569
792.572
793.673
794.005
794.025
794.187
794.188
794.349
794.39
794.547
794.752
794.754
794.964
795.357
795.898
796.15
796.635
798.199
799.509
799.626
799.628
799.845
799.846
800.998
801.792
801.937
802.211
802.562
802.987
804.321
804.325
804.334
805.295
805.603
805.606
805.811
805.988
806.109
806.195
806.25
806.341
807.035
807.058
807.347
808.103
808.103
808.105
808.518
808.949
809.3
809.301
809.301
810.016
810.041
810.414
810.505
810.541
812.221
812.228
812.27
812.271
812.313
813.599
813.704
814.761
815.071
815.139
815.394
815.551
817.325
817.327
817.327
819.222
820.981
820.981
820.984
821.714
822.477
822.478
822.634
822.657
822.826
823.394
824.136
824.442
824.483
824.936
824.937
825.358
827.438
827.438
827.657
827.699
827.702
827.855
829.661
830.161
830.218
831.027
831.154
831.252
831.253
831.254
831.255
831.257
831.419
831.485
831.552
831.605
832.198
832.418
832.86
834.114
834.122
834.227
834.228
834.281
834.443
834.686
835.809
837.12
837.121
837.43
837.552
837.587
837.847
837.848
837.849
837.85
838.195
838.198
838.361
838.362
838.506
839.111
839.211
839.238
839.374
839.385
840.131
840.752
840.752
841.582
841.583
842.852
842.957
843.041
843.046
843.138
843.246
843.637
844.765
844.766
844.766
844.851
844.953
844.954
846.006
846.01
846.166
850.313
851.507
851.507
851.68
851.694
851.869
852.144
852.147
852.148
852.204
852.206
852.276
852.277
852.436
852.437
853.316
853.635
853.907
853.973
853.994
854.79
854.79
854.961
855.127
855.5
855.735
855.884
856.129
856.161
856.269
856.905
859.166
859.181
859.223
859.375
859.671
860.049
861.355
861.75
862.115
862.497
862.499
862.499
862.829
862.853
863.061
863.914
863.915
863.93
864.197
864.274
864.274
864.275
864.275
864.47
864.901
864.931
865.201
865.203
866.292
866.292
867.344
867.344
867.587
867.588
867.59
867.59
867.59
867.755
867.755
868.018
868.08
868.101
870.32
871.083
871.084
872.215
872.221
872.64
872.642
873.419
873.502
874.552
874.894
878.73
880.628
880.909
880.909
881.87
882.944
883.665
883.666
883.668
883.674
883.772
884.399
884.469
885.122
885.122
885.124
885.13
886.908
889.407
889.539
889.552
890.234
891.073
891.215
896.478
896.48
896.705
896.721
898.928
902.163
902.415
902.416
902.851
903.072
903.512
903.513
903.677
904.179
904.34
904.342
904.355
904.357
904.542
905.108
905.156
905.272
905.293
905.344
905.348
905.42
905.569
905.569
906.618
906.621
906.699
906.701
907.076
907.871
908.235
908.911
908.948
910.909
910.911
910.912
911.815
911.921
912.098
915.945
916.026
917.028
917.084
917.725
917.726
918.021
918.689
918.817
919.993
923.074
923.406
923.781
924.125
924.596
924.671
925.169
925.251
925.332
927.288
927.299
927.363
927.459
927.691
928.07
931.581
931.624
931.626
932.239
932.9
933.165
933.165
933.783
933.851
933.852
934.208
935.755
935.776
936.079
936.079
936.175
936.192
936.206
936.213
936.214
936.214
936.214
936.215
936.343
936.397
936.571
936.895
937.043
937.043
937.197
937.344
937.584
937.676
937.788
939.008
939.507
939.877
939.975
940.234
940.406
940.851
940.87
941.216
942.035
942.372
942.725
943.33
943.331
943.792
943.946
944.243
944.244
944.328
944.434
944.466
945.227
945.573
947.294
947.294
949.463
949.478
950.062
950.062
950.063
950.063
950.111
950.665
951.792
951.958
953.301
953.305
953.307
953.576
953.585
954.19
954.191
954.257
954.444
954.725
954.726
955.246
955.246
955.246
955.304
957.199
957.836
960.412
960.413
960.414
960.852
961.066
961.645
961.645
962.325
962.327
962.885
963.613
963.614
963.615
965.089
965.997
965.999
966.324
966.324
967.105
967.107
967.448
967.826
967.827
967.84
968.343
968.463
970.059
970.199
970.254
970.662
971.317
971.809
