0.476921
0.578696
0.580779
0.619536
0.626276
0.858234
0.859262
0.896408
0.897008
0.899385
0.899806
0.903018
1.07084
1.11822
1.19057
1.35986
1.4701
1.63974
2.48956
2.49304
2.68465
2.75921
3.1037
3.15887
3.16611
3.30442
3.31117
3.31438
3.65027
3.66719
3.66724
3.66859
3.73669
3.74099
3.74106
4.77674
4.93213
5.45041
5.54519
5.54617
5.66453
5.69709
5.73639
5.74058
6.22621
6.46507
6.75616
6.79956
6.97196
7.24194
7.24203
7.25292
9.01558
9.01701
9.11443
9.42191
9.76477
9.97654
10.0594
11.3463
11.8051
11.8577
11.8583
11.8673
11.8686
12.0589
12.0599
12.346
12.3514
12.4292
12.4316
12.4342
12.5674
13.0498
13.3031
13.477
13.4778
13.4809
13.9269
14.197
14.9031
15.0518
15.1119
15.1842
15.3015
15.9384
15.942
16.4999
16.9121
17.2737
17.2738
17.579
17.8495
17.8497
18.187
18.2374
19.1142
19.2441
19.374
19.4407
19.4859
20.5679
20.5684
20.6795
21.1748
21.3403
21.341
21.3645
21.6366
22.0116
22.2335
22.235
23.2827
23.665
23.6662
23.6669
23.7344
23.8858
23.8903
23.8912
23.9038
23.9045
23.9062
24.1298
24.7187
24.7194
24.7195
24.7197
24.7226
24.7264
25.0315
25.1593
25.5258
25.7193
25.8465
25.8466
25.8536
26.238
26.2801
26.5543
26.6201
26.7123
26.9064
27.3341
27.337
27.337
27.3656
27.6764
27.9733
28.1139
28.1719
28.1731
28.4422
28.4433
28.634
30.0556
30.2419
30.4955
30.8332
30.8927
30.9321
31.0462
31.0498
31.1294
31.6662
31.7818
31.8945
32.0913
32.1224
32.1274
32.2563
32.3064
32.3448
32.3792
32.38
32.4309
32.8542
32.898
32.9038
32.9167
32.9835
32.9873
32.9912
32.9914
33.0095
33.0134
33.1513
33.1587
33.2597
33.4653
34.2938
34.2959
34.3064
34.4634
34.4705
35.4015
35.4139
35.6677
35.6826
35.736
35.8244
36.1754
36.2666
36.3872
36.3918
36.3961
36.3969
36.637
36.6655
36.8201
37.4553
37.456
37.4757
37.4777
37.5387
38.4575
38.582
38.6233
38.7573
38.9669
39.0477
39.066
39.2039
39.311
39.3245
39.5132
39.5557
39.6469
39.6475
39.6486
39.7062
40.1398
40.1666
40.1667
40.1667
40.1683
40.6161
40.6322
40.6683
40.6683
40.669
40.7224
40.763
40.8203
40.8211
41.1025
41.103
41.1083
41.1916
41.3375
41.3716
42.3699
43.2607
43.3007
43.3055
43.3066
43.4281
43.5013
43.8006
44.0222
44.1812
44.1844
44.3115
44.462
44.5252
44.7217
44.8775
45.7892
45.9631
46.3608
47.283
47.7344
47.8417
48.5518
48.5526
48.6223
48.7009
48.9699
49.0138
49.0144
49.4507
50.4057
50.4061
50.471
50.473
50.6824
50.9732
51.0218
51.1159
51.1603
51.166
51.2239
51.2243
51.2251
51.4273
51.4274
51.4787
51.4811
51.4881
51.4908
51.5658
51.5826
51.6132
51.6304
51.698
51.6983
52.3061
52.5888
52.8231
53.2434
53.4339
53.5482
53.8705
54.0204
54.6595
54.7264
54.8962
54.8993
54.9008
54.9826
55.2067
55.4433
55.6012
55.6205
55.6752
55.702
56.356
56.5732
56.5944
56.6352
56.9621
57.1115
57.6615
57.6649
57.7401
57.7987
58.0976
58.1126
58.1128
58.1128
58.2327
58.356
58.8639
58.9475
58.9478
59.1524
59.5543
59.7596
59.8258
59.8377
60.3761
60.3762
60.3966
60.3973
60.7012
61.0719
61.0881
61.0884
62.1144
62.1715
62.1735
62.2887
62.427
62.5365
62.9516
62.9517
63.4244
63.4425
64.2063
64.7695
64.819
65.1064
65.5519
66.6277
66.7241
66.8685
67.0872
67.0886
67.0942
67.128
67.2179
67.3131
67.3197
67.4219
67.4487
67.4507
67.8257
67.8961
67.903
68.6448
68.6458
69.0589
69.1223
69.4926
69.7163
69.7791
69.781
69.7942
69.7943
69.7967
69.9008
70.0884
70.1609
70.1637
70.1642
70.1655
70.5714
70.6799
70.9249
71.0381
71.1607
71.3614
71.4602
71.5653
71.6822
71.6829
71.7026
72.0491
72.0496
72.0906
72.1109
72.3515
72.352
72.5014
72.5017
72.5021
72.5093
72.9597
72.9635
73.1746
73.246
73.2624
73.2635
73.2836
73.2907
73.4402
73.6017
73.6018
73.6972
73.7732
73.7795
73.8261
73.8269
73.9886
74.6721
74.8027
75.4777
75.6182
75.7286
76.0698
76.2694
76.2694
76.3932
76.5469
76.5839
76.6696
76.9675
77.1754
77.1927
77.2298
78.4068
78.5287
78.5296
78.5297
78.5321
78.5995
78.6902
78.7936
78.7944
78.8497
78.851
78.8536
78.8539
79.0968
79.4256
79.4726
79.51
79.5782
79.8011
79.8761
79.9061
79.9562
80.2101
80.5712
82.0137
83.4577
83.5155
83.9905
84.3332
84.3341
84.3359
84.4617
84.4655
84.8014
85.3068
85.6098
86.6452
86.6769
86.9248
87.0496
87.078
87.1562
87.5743
87.5788
87.7522
87.7533
87.7772
87.8177
88.5511
88.56
88.6551
88.7018
88.7029
88.7037
88.7296
88.7362
88.8378
88.9885
89.0115
89.1965
89.2819
89.2834
89.2869
89.3533
89.4368
89.437
89.4409
89.4419
89.4707
89.551
89.7981
89.9663
89.9664
90.0845
90.1065
90.182
90.4217
90.5289
90.5307
90.6006
90.8413
90.8731
90.895
90.9537
90.9577
90.9577
90.96
91.1395
91.3664
91.5302
91.5319
91.6686
91.9698
91.9708
92.6454
92.7495
92.9679
93.018
93.0965
93.1871
93.4665
93.7602
93.7605
93.7613
93.8744
94.0806
94.3247
94.3261
94.3281
94.5811
94.5818
94.6503
94.7795
94.7799
94.8939
94.8974
94.9005
94.9721
95.429
95.4309
95.6722
95.869
95.8799
96.0809
96.142
96.1427
96.2361
96.2369
96.3294
96.3454
96.3456
96.806
97.0008
97.1764
97.462
97.5591
97.5595
97.741
98.0259
98.1258
98.1477
98.7101
98.7127
98.74
98.7822
98.7834
98.7844
99.0652
99.0663
99.2696
99.2749
99.4074
99.436
99.4372
99.5695
99.6876
99.6884
99.7837
100.274
100.652
100.652
100.718
100.726
100.726
100.874
100.874
100.936
101.08
101.093
101.513
101.514
101.514
101.619
101.63
101.721
101.722
101.898
102.173
102.178
102.443
102.478
102.979
103.518
103.556
103.834
103.93
104.151
104.345
104.704
104.747
104.762
104.895
104.948
105.212
106.106
106.179
106.382
106.901
107.024
107.103
107.633
108.32
108.323
108.605
108.605
108.739
108.742
108.844
108.847
109.116
109.587
110.079
110.081
110.161
110.162
110.21
110.717
110.765
110.917
111.025
111.119
111.198
111.835
111.973
112.556
112.758
112.857
112.958
113.084
113.086
113.109
113.114
113.265
113.303
113.423
113.539
113.618
113.618
113.853
113.866
113.867
113.887
113.991
114.22
114.335
114.573
114.751
115.118
115.119
115.386
115.388
115.897
115.901
115.974
116.425
116.426
116.428
116.52
116.714
117.083
117.507
117.596
117.649
117.752
117.761
117.869
118.108
118.324
118.325
118.362
118.613
118.613
118.614
118.629
118.714
118.968
118.971
118.981
118.983
119.156
119.161
119.21
119.321
119.428
119.532
120.54
120.544
120.64
120.661
120.704
121.225
121.226
121.741
122.21
122.211
122.212
122.422
122.661
122.777
122.893
122.915
122.926
122.927
123.187
124.152
124.205
124.375
124.376
124.377
124.485
124.622
124.622
124.684
124.927
125.305
125.43
125.524
125.525
125.67
125.905
125.913
126.146
126.146
126.238
126.241
126.244
126.244
126.245
126.394
126.41
126.539
126.632
127.293
127.356
127.525
127.691
127.809
127.81
128.062
128.063
128.597
129.121
129.232
129.624
129.823
129.823
131.359
131.36
131.548
131.683
131.824
131.943
132.114
132.366
132.734
133.053
134.095
134.264
134.467
134.514
134.514
134.619
134.784
135.292
135.321
135.656
135.682
135.738
135.74
135.909
135.91
135.915
135.974
136.049
136.05
136.057
136.079
136.177
136.332
136.671
136.791
137.826
137.845
138.16
138.208
138.436
138.693
139.27
139.317
140.483
140.483
140.578
140.653
140.773
140.773
140.844
140.892
141.012
141.156
141.198
141.575
141.578
141.704
142.174
142.273
142.911
143.027
143.593
143.829
143.831
143.831
143.881
144.058
144.06
144.063
144.342
144.396
144.397
144.419
144.818
144.918
145.082
145.783
146.288
146.471
146.472
146.715
146.745
146.745
146.749
146.851
146.954
147.055
147.056
147.24
147.246
147.294
147.296
147.666
147.763
147.797
147.99
148.038
148.088
148.172
148.329
148.329
148.388
148.45
148.458
148.463
148.494
148.497
149.131
149.223
149.236
149.236
149.237
149.272
149.959
150.18
150.194
150.263
150.271
150.272
150.282
150.845
150.847
150.867
151.061
151.13
151.132
151.134
151.134
151.162
151.162
151.245
151.755
151.984
152.293
152.862
152.887
153.097
153.517
153.77
154.473
154.626
155
155.066
155.244
155.245
155.245
155.299
155.42
155.513
155.97
155.974
155.996
156.037
156.037
156.046
156.399
156.694
156.694
156.723
156.8
156.944
156.966
157.404
157.461
157.675
157.809
157.812
157.813
158.335
158.336
158.658
158.811
159.835
159.863
159.864
160.93
161.05
161.381
161.49
161.633
161.723
161.927
162.01
162.057
162.057
162.171
162.172
162.193
162.264
162.264
162.266
162.588
162.884
162.904
162.997
163.023
163.643
163.705
163.79
163.795
163.938
163.94
164.099
164.438
164.512
164.555
164.586
164.818
164.868
165.119
165.119
165.279
165.537
166.096
166.099
166.507
166.537
166.593
166.767
167.111
167.54
167.615
167.631
168.36
169.032
169.245
169.34
169.344
169.664
169.678
169.92
170.105
170.107
170.115
170.456
170.519
170.519
170.52
170.524
170.927
170.966
171.004
171.054
171.141
171.235
171.318
171.32
171.321
171.348
171.815
171.852
171.854
171.873
172.105
172.109
172.252
172.258
172.336
172.712
173.062
173.175
173.177
173.291
173.334
173.336
173.357
173.358
173.751
173.752
173.799
173.816
173.817
174.263
174.265
174.378
175.463
175.745
175.854
176.113
176.113
176.833
176.833
177.416
177.521
177.655
177.656
177.948
178.641
178.712
179.038
179.433
179.671
179.719
180.786
181.117
181.157
181.175
181.269
181.295
181.436
181.612
181.612
181.613
182.13
182.197
182.198
182.2
182.215
182.473
182.651
182.74
182.822
182.853
182.948
182.949
183.204
183.207
183.208
183.568
183.605
183.606
183.801
183.824
183.949
184.035
184.064
184.136
184.438
184.451
184.525
184.775
184.824
185.006
185.111
185.501
185.517
185.544
185.559
186.073
186.073
186.167
186.341
186.343
186.387
186.391
186.594
186.618
186.918
187.318
187.513
187.888
189.114
189.115
189.116
189.42
189.766
189.981
190.114
190.119
190.119
190.308
190.444
191.247
191.36
191.723
191.924
191.973
191.985
192.293
192.311
192.489
192.491
192.545
192.731
192.915
193.007
193.142
193.176
193.749
193.752
193.903
193.934
193.965
193.967
194.099
194.293
194.294
194.303
194.44
194.441
194.524
194.525
194.675
194.677
194.747
194.767
194.767
194.789
194.816
194.85
195.348
195.35
195.468
195.47
195.814
195.818
196.286
196.288
196.802
196.804
196.804
196.834
196.875
196.927
197.003
197.004
197.103
197.112
197.206
197.266
197.459
197.473
198.156
198.176
198.211
198.359
198.377
198.431
198.819
199.124
199.13
199.151
199.552
199.552
199.74
199.834
200.195
200.267
200.659
200.859
200.865
200.945
200.956
201.152
201.91
202.032
202.574
202.669
202.942
203.142
204.681
204.681
204.771
204.965
205.198
205.389
205.619
206.286
206.499
206.713
207.075
207.341
207.459
207.63
207.705
207.707
207.808
207.809
207.871
209.252
209.357
209.37
209.43
209.523
209.882
209.897
209.897
210.053
210.094
210.209
210.663
210.664
210.759
210.822
211.05
211.055
211.055
211.443
211.995
212.971
213.567
213.653
213.673
213.842
213.842
213.967
214.046
214.083
214.358
214.358
214.555
215.438
215.726
215.778
215.855
216.182
216.8
217.056
217.075
217.076
217.134
218.283
218.419
218.434
218.501
218.545
218.901
219.41
219.55
219.642
219.791
219.859
219.878
219.889
219.89
219.9
219.916
219.916
219.966
219.968
220.012
220.739
220.968
221.041
221.562
221.611
221.612
221.808
221.901
221.952
221.954
221.955
222.453
222.469
222.536
222.605
222.726
222.771
223.099
223.327
223.47
223.572
223.832
224.026
224.032
224.131
224.172
224.172
224.677
224.685
224.687
224.766
225.11
225.111
225.487
225.837
226.221
226.801
226.833
227.227
227.785
228.638
228.793
228.796
228.827
228.921
228.996
229.071
229.073
229.154
229.234
229.235
229.239
229.411
229.613
229.614
229.755
229.935
229.951
230.159
230.21
230.559
230.559
230.645
230.83
231.029
231.03
231.131
231.225
232.267
232.274
232.428
232.48
232.683
233.758
233.819
233.825
233.963
233.994
234.184
234.731
234.824
235.227
235.502
235.527
235.591
236.258
236.282
236.298
236.365
236.512
236.512
236.537
236.539
236.543
236.79
236.797
236.909
237.098
237.142
237.198
237.2
237.239
237.299
237.798
237.801
237.965
238.094
238.096
238.239
238.261
238.267
238.269
238.27
238.27
238.27
238.286
238.318
238.418
238.423
238.425
238.43
238.57
239.314
240.025
240.035
240.422
241.052
241.231
241.251
241.302
241.331
241.397
241.698
241.715
241.797
241.95
241.95
241.966
242.203
242.211
242.305
242.338
242.923
243.065
243.066
243.078
243.121
243.301
243.334
243.562
243.664
243.71
243.754
243.875
243.914
244.053
244.054
244.055
244.754
244.825
245.072
245.079
245.244
245.35
245.352
245.581
245.627
245.63
245.701
245.741
245.753
246.155
246.157
246.161
246.824
246.886
247.057
247.07
247.072
247.12
247.16
247.353
247.404
247.48
247.739
247.74
248.067
248.095
248.168
248.169
248.341
248.346
248.348
248.351
248.47
248.472
248.475
248.475
248.476
248.747
248.758
249.027
249.191
249.338
249.493
249.608
249.609
249.61
249.674
249.779
249.818
249.831
249.896
250.309
250.418
250.422
250.699
250.702
250.884
250.884
250.973
251.092
251.264
251.279
251.279
251.327
251.391
251.393
251.567
251.769
251.77
251.872
251.883
252.934
252.982
253.234
253.283
253.284
253.3
253.301
253.494
253.494
253.723
253.728
253.733
253.881
253.887
253.964
253.993
254.029
254.159
254.186
254.311
254.481
254.481
254.481
254.481
254.898
254.899
254.959
256.122
256.4
256.622
257.042
257.042
257.042
257.208
257.21
257.22
257.221
257.317
257.491
257.549
257.551
257.685
257.687
258.919
258.919
258.921
259.61
259.615
259.854
260.118
260.126
260.129
260.378
261.012
261.546
261.562
261.565
261.574
261.831
262.637
262.674
263.145
263.152
263.153
263.373
263.442
263.498
264.011
264.22
264.226
264.245
264.431
264.641
265.046
265.096
265.113
265.17
265.17
265.461
265.462
265.499
265.958
266.007
266.011
266.011
266.012
266.484
266.495
266.694
266.869
267.108
267.117
267.27
267.423
267.748
268.062
268.154
268.155
268.171
268.291
268.291
268.294
268.315
268.327
268.336
268.38
268.386
268.94
268.941
269.133
269.218
269.218
269.329
269.33
269.33
269.367
269.5
269.596
269.601
269.663
270.313
270.314
270.368
271.15
271.264
271.289
271.403
271.403
271.593
271.962
272.119
272.453
272.552
272.844
272.978
272.979
273.002
273.037
273.841
273.843
273.873
273.881
273.95
274.541
274.542
274.871
275.168
275.183
275.335
275.353
275.358
275.553
275.553
275.554
275.571
275.573
275.772
275.772
275.802
275.962
276.096
276.155
276.292
276.293
276.313
276.474
276.584
276.949
277.29
277.657
277.681
277.812
277.813
277.881
278.114
278.126
278.24
278.365
278.561
278.562
278.659
278.697
279.078
279.189
279.217
279.219
279.219
279.222
279.226
279.226
280.04
280.042
280.043
280.043
280.055
280.056
280.058
280.288
280.327
280.328
280.329
280.507
280.827
280.994
280.995
281.069
281.147
281.172
281.173
281.212
281.316
281.723
281.74
282.128
282.128
282.256
282.337
282.856
282.877
282.884
283.111
283.112
283.128
283.256
283.381
283.483
283.508
284.07
284.266
284.267
284.457
284.592
284.593
284.593
284.595
284.62
284.96
284.963
285.085
285.098
285.098
285.116
285.142
285.169
285.349
285.62
285.852
285.852
286.036
286.427
286.69
286.709
286.728
286.95
287.173
287.225
287.274
287.821
287.998
288.343
288.346
288.347
288.491
288.495
288.698
289.223
289.228
289.228
289.346
289.444
289.679
289.698
289.718
289.72
289.945
289.98
289.98
290.014
290.67
290.877
291.233
291.646
292.381
292.419
292.422
292.422
292.459
292.978
293.043
293.123
293.179
293.19
293.195
293.596
293.606
293.648
293.782
293.858
293.925
294.284
294.411
294.886
295.611
295.837
296.126
296.156
296.222
296.325
296.606
296.642
296.786
296.787
296.814
296.814
297.158
297.564
297.629
298.239
298.323
298.351
298.588
298.977
299.05
299.541
299.601
299.893
299.907
299.953
299.962
299.991
300.024
300.027
300.694
300.759
300.896
301.073
301.754
301.755
301.772
301.864
302.467
302.5
302.523
302.549
303.228
303.265
303.266
303.407
303.425
303.881
304.001
304.003
304.013
304.129
304.297
304.299
304.587
304.587
304.591
304.595
305.114
305.417
305.444
306.257
306.906
307.045
307.08
307.084
307.456
307.46
307.461
307.884
307.938
308.082
308.415
308.987
308.989
308.991
309.046
309.255
309.503
310.182
310.298
310.44
310.455
310.46
310.898
311.145
311.2
311.2
311.339
311.589
312.114
312.116
312.538
312.77
312.77
313.006
313.046
313.889
313.89
313.908
313.913
314.042
314.044
314.247
314.656
314.76
315.76
316.129
316.261
316.319
316.372
316.61
316.615
316.825
316.99
317.127
317.162
317.162
317.26
317.392
317.475
317.526
317.917
317.918
317.919
318
318.023
318.023
318.558
318.697
320.841
320.948
321.046
321.05
321.404
321.57
322.536
322.536
323.028
323.063
323.065
323.2
323.961
324.258
324.699
324.727
324.727
324.809
324.892
324.906
325.132
325.133
325.143
325.204
325.343
325.54
325.852
325.913
326.055
326.056
326.057
326.304
326.361
326.495
326.601
326.806
327.678
327.729
327.867
327.896
327.952
328.211
328.389
328.881
328.927
330.089
330.423
330.478
330.627
330.66
330.869
331.363
331.895
332.052
332.053
332.075
332.363
332.411
333.023
333.23
333.428
333.498
333.856
333.894
334.428
335.075
335.09
335.102
335.549
335.642
335.684
335.715
335.716
335.873
335.96
336.108
336.141
336.343
336.428
336.43
336.433
336.47
336.471
336.473
336.473
336.664
337.124
337.329
337.331
337.331
337.465
337.467
337.467
337.718
337.719
337.937
338.137
338.774
338.814
339.449
339.45
339.642
339.665
339.808
339.808
340.309
340.542
340.552
340.594
340.599
341.066
341.066
341.076
341.579
341.7
341.833
342.138
342.735
342.739
342.886
343.131
343.456
343.469
343.633
343.754
343.756
345.4
345.401
345.513
345.823
345.935
345.952
345.957
345.963
346.329
346.83
346.83
346.981
347.048
347.199
347.204
347.205
347.326
347.428
347.466
347.646
347.724
347.887
348.865
349.375
349.532
349.567
349.589
349.591
349.742
349.814
349.814
349.847
349.897
349.9
350.416
350.816
350.872
350.945
350.997
351.113
351.153
351.156
351.157
351.333
351.343
351.548
351.585
351.695
351.696
351.698
352.565
352.601
352.671
352.712
352.94
352.987
353.121
353.123
353.222
353.672
353.7
353.795
353.841
354.327
354.328
354.33
354.331
354.49
354.534
354.587
355.159
355.702
355.778
355.962
356.475
356.475
356.481
356.587
356.689
356.756
356.813
356.813
356.814
356.886
357.745
357.878
357.987
358.09
358.092
358.166
358.166
358.435
358.735
358.737
358.739
358.802
358.857
358.967
359.02
359.105
359.426
360.771
360.771
361.005
361.092
361.149
361.149
361.151
361.196
361.283
361.401
362.063
362.09
362.226
362.326
362.327
362.454
362.533
362.535
362.536
362.666
363.072
363.425
364.152
364.181
364.45
364.45
364.847
365.113
365.144
365.154
365.331
366.144
366.244
366.304
366.323
366.373
366.604
366.717
366.749
366.767
367.403
367.524
367.584
367.723
367.844
367.883
367.884
367.885
367.907
367.917
368.357
368.391
368.71
369.058
369.475
369.563
369.735
369.736
370.011
370.078
370.111
370.307
370.318
370.319
370.373
370.587
371.083
371.167
371.168
371.652
371.981
372.151
372.152
372.196
372.196
372.421
372.421
372.424
372.462
372.484
372.553
373.105
373.525
373.531
373.942
374.616
375.192
375.275
375.275
375.414
375.823
375.825
375.826
375.982
376.104
376.175
376.295
376.589
376.622
376.811
376.826
377.2
377.341
377.342
377.342
377.383
377.422
377.648
377.822
377.899
377.938
378.044
378.093
378.095
378.177
378.216
378.222
379.039
379.039
379.277
379.277
379.278
379.37
380.081
380.122
380.381
380.502
380.648
380.889
380.89
381.067
381.067
381.496
381.968
382.021
382.026
382.027
382.549
383.257
383.447
383.472
383.473
383.473
383.473
383.519
383.721
383.918
383.919
383.919
383.992
384
384.329
384.33
385.516
385.518
385.614
385.945
386.015
386.098
386.184
386.658
386.739
386.749
387.36
387.36
387.361
387.642
387.66
387.72
388.031
388.215
388.217
388.243
389.04
389.226
389.491
389.495
389.904
390.071
390.074
390.076
390.133
390.278
390.376
390.385
390.536
390.657
390.828
391.214
391.216
391.334
392.041
392.328
392.902
393.297
393.349
393.434
393.484
393.678
394.354
394.765
394.78
395.688
395.787
395.878
396.049
396.049
396.051
396.073
396.117
396.381
396.752
397.014
397.059
397.25
397.34
397.49
397.588
398.325
398.913
399.63
399.688
400.292
400.784
400.874
400.944
401.055
401.455
401.461
402.073
402.114
402.157
402.157
402.209
402.281
402.437
402.572
402.573
402.657
402.711
403.113
403.183
403.466
403.55
403.637
403.675
403.677
403.715
403.799
404.062
404.063
404.315
404.367
404.445
404.509
404.584
404.592
404.697
404.821
405.013
405.266
405.824
405.831
405.921
407.203
407.58
407.58
407.66
408.091
408.348
408.756
408.975
409.025
409.076
409.117
409.183
409.19
409.213
409.325
409.499
409.581
409.584
410.217
410.284
410.329
410.667
410.686
410.694
411.291
411.439
412.004
412.246
412.436
412.67
412.848
412.85
413.227
413.383
413.593
413.742
414.342
414.709
414.724
414.801
414.829
415.529
415.53
415.542
415.543
415.546
415.547
415.736
415.885
415.913
416.172
416.382
416.405
416.445
416.763
416.764
417.064
417.105
417.106
417.109
417.158
417.217
417.218
417.902
418.461
418.462
418.579
418.583
418.627
418.976
418.977
418.978
418.978
418.991
418.993
419.172
419.867
419.934
420.017
420.117
420.965
421.073
421.073
421.074
421.447
421.586
421.62
421.629
421.803
421.813
421.813
422.585
422.589
423.297
424.163
424.488
424.494
424.846
426.272
426.286
426.412
426.918
426.96
427.104
428.305
428.78
428.8
428.987
428.99
429.067
429.067
429.068
429.121
429.146
429.876
429.876
429.887
429.941
429.941
430.01
430.094
430.194
430.283
430.446
430.625
430.659
430.659
430.692
430.737
430.738
431.124
431.126
431.194
431.329
431.33
431.556
431.685
432.179
432.231
432.378
432.379
432.379
432.672
432.798
433.183
433.184
433.225
433.423
433.475
433.522
433.524
433.547
433.565
433.715
434.459
434.66
434.866
435.375
435.406
435.407
435.943
436.021
436.464
436.466
436.531
437.128
437.366
437.989
438.035
438.269
438.296
438.426
438.504
438.784
438.785
438.786
438.9
439.192
439.351
439.564
439.728
439.998
440.027
440.052
440.384
440.384
440.675
441.199
442.365
443.155
443.23
443.414
443.781
443.783
444.226
444.659
444.692
444.833
444.833
444.833
444.893
444.921
445.482
446.062
446.077
446.229
446.229
446.233
446.327
446.329
446.543
446.543
446.873
447.824
448.472
448.473
448.843
448.865
449.272
449.622
449.853
450.1
450.185
450.249
450.255
450.434
450.818
450.829
450.851
451.046
451.131
451.479
451.645
452.073
452.083
452.129
452.509
452.52
452.522
452.531
452.533
452.747
453.36
453.36
453.882
454.494
454.54
454.542
454.683
455.345
455.615
455.616
455.674
455.745
455.752
455.752
456.033
456.051
456.053
456.227
456.271
456.273
456.555
456.578
456.771
457.119
457.121
457.203
457.652
457.677
458.045
458.184
458.185
458.187
458.218
458.253
458.255
458.376
458.399
458.754
458.796
458.799
459.979
460.001
460.016
460.112
460.153
460.153
460.193
460.199
460.2
460.245
460.977
461.44
461.44
461.671
461.784
462.074
462.168
462.2
462.214
462.236
462.791
462.901
462.911
462.918
462.983
462.983
463.122
463.125
463.479
463.589
463.607
463.61
463.713
463.732
463.782
464.071
464.114
464.149
464.15
464.19
464.194
464.226
464.263
464.447
464.448
464.449
464.793
464.923
464.969
464.969
465.053
465.155
465.174
465.422
465.471
465.475
465.515
465.747
465.801
465.995
466.053
466.171
466.749
467.331
467.419
467.664
467.665
467.687
467.687
467.689
467.689
467.737
467.762
468.025
468.026
468.048
468.051
468.211
468.828
468.864
468.9
469.086
469.179
469.213
469.283
469.288
469.291
469.502
469.503
469.831
469.832
470.056
470.098
470.098
470.362
470.362
470.469
471.018
471.577
471.578
471.687
472.063
472.067
472.189
472.398
472.579
472.727
472.786
472.877
473.002
473.12
473.274
473.549
473.65
474.31
474.603
474.604
474.633
474.977
475.062
475.124
475.135
475.155
475.327
475.53
475.549
476.093
476.199
476.285
476.52
476.584
477.214
477.272
477.882
477.908
478.141
478.17
478.447
478.526
478.688
478.815
478.819
478.823
479.104
479.687
479.699
479.862
479.867
480.114
480.413
481.765
481.766
481.944
482.145
482.341
482.491
482.491
482.653
483.141
483.142
483.183
483.555
483.556
483.575
483.857
484.56
486.29
486.494
487.079
487.12
487.31
487.594
487.654
488.239
488.702
488.872
488.953
489.024
489.257
489.285
489.589
489.846
490.469
490.986
491.057
491.307
491.654
492.307
492.355
492.355
492.39
492.621
492.666
492.737
492.816
492.877
493.076
493.134
493.134
493.276
493.325
493.695
493.696
493.957
494.603
494.857
494.866
494.867
494.974
495.191
495.309
495.311
495.359
495.382
495.395
495.583
495.657
495.91
495.913
495.917
495.936
495.994
496.044
496.157
496.16
496.162
496.163
496.168
496.196
496.443
496.638
496.943
497.107
497.271
497.274
497.437
497.437
497.536
497.537
497.895
497.977
497.981
498.208
498.32
498.383
498.466
498.54
498.55
498.782
498.882
499.079
499.299
499.335
499.751
500.18
500.215
500.761
501.602
501.957
502.619
502.959
503.267
503.352
503.472
503.647
503.77
503.919
504.083
504.153
504.235
504.28
505.209
505.261
505.261
505.261
505.344
505.351
505.402
505.402
505.404
505.48
505.54
505.696
505.824
506.221
506.286
506.922
507.085
508.391
508.394
508.424
508.499
508.848
508.93
508.951
509.264
509.378
509.489
509.489
509.5
509.726
509.822
509.927
509.944
509.957
510.38
510.38
510.751
511.924
512.119
512.407
513.07
513.124
513.719
514.631
514.907
514.991
515.064
515.433
515.765
515.903
515.905
515.906
516.138
517.779
517.779
518.168
519.284
519.537
519.63
519.632
519.635
519.636
519.8
519.8
519.941
520.446
520.587
520.668
521.319
521.82
522.407
522.539
522.681
522.725
522.731
522.834
522.834
523.097
523.474
523.696
523.773
523.86
523.86
524.166
524.508
524.664
524.964
525.247
525.463
525.489
525.489
525.698
525.7
525.984
526.662
526.733
526.734
527.449
527.546
527.834
528.053
528.373
528.664
528.764
529.674
529.674
529.861
530.308
530.575
530.664
530.807
530.935
530.995
531.119
531.283
531.283
531.491
531.557
531.598
531.61
531.614
531.657
531.731
531.767
531.802
531.809
532.252
532.442
532.443
533.442
533.603
533.605
533.761
533.762
533.763
533.763
533.764
533.765
533.947
534.187
534.214
534.215
534.264
534.271
534.274
534.366
534.567
534.575
534.79
534.791
534.811
535.204
535.493
535.677
535.948
536.188
536.189
536.855
536.946
537.103
537.3
537.327
537.327
538.11
538.469
538.47
538.682
538.701
538.701
538.979
539.042
539.053
539.424
539.425
539.807
540.168
540.169
540.389
540.557
540.581
540.585
540.603
540.692
540.87
541.078
541.19
541.449
541.546
541.635
541.884
541.884
541.884
542.016
542.016
542.042
542.043
542.047
542.246
542.791
542.841
543.207
543.209
543.294
543.429
543.43
543.439
543.482
544.323
545.083
545.084
545.086
545.683
545.773
545.86
545.862
545.925
545.926
545.992
546.068
546.107
546.15
546.634
546.636
546.689
546.699
546.703
546.716
546.742
546.749
546.851
546.852
546.891
547.07
547.07
547.122
547.199
547.212
547.216
547.243
547.282
547.327
547.329
547.676
548.03
548.032
548.033
548.082
548.243
548.416
548.436
548.49
548.734
548.84
549.126
549.285
549.285
549.432
549.771
549.898
549.899
549.988
550.041
550.607
550.826
551.569
551.599
551.623
551.625
551.69
551.943
551.943
551.957
552.015
552.184
552.228
552.587
552.588
552.64
552.73
552.803
553.106
553.508
553.618
553.639
553.64
553.657
554.167
554.388
554.538
555.115
555.163
555.167
555.18
555.181
555.182
555.272
555.339
555.49
555.49
555.794
555.796
555.872
556.028
556.763
556.824
556.826
557.259
557.568
557.573
557.663
558.015
558.101
558.145
558.433
558.507
558.569
558.929
559.105
559.7
559.702
559.715
559.895
559.995
560.118
560.36
560.362
560.747
560.827
561.103
561.472
561.486
562.262
562.347
562.348
562.748
562.75
562.883
562.989
563.057
563.059
563.059
563.133
563.771
563.772
563.784
563.788
563.982
564.131
564.247
564.372
564.924
564.927
564.928
564.999
565.029
565.831
565.836
565.881
565.882
565.883
566.061
566.211
566.211
566.217
566.251
566.252
566.462
566.463
566.601
566.665
566.665
566.802
566.97
567.012
567.114
567.235
567.371
567.588
567.709
567.816
567.954
568.108
568.371
568.607
568.754
569.441
569.499
569.742
570.405
570.458
570.646
570.647
571.035
571.036
571.042
571.885
571.99
572.698
573.198
573.244
573.246
573.246
573.247
573.434
573.434
573.435
573.436
573.457
573.532
573.573
573.664
573.71
573.776
574.021
574.022
574.09
574.09
574.24
574.258
574.346
574.508
574.816
575.549
575.639
575.667
577.018
577.341
577.375
577.376
577.619
577.784
577.981
578.119
578.206
578.219
578.238
578.249
578.539
579.002
579.174
579.342
579.758
579.759
579.828
579.891
579.977
580.428
580.588
580.616
580.765
580.775
580.837
580.837
581.035
581.172
581.244
581.452
581.453
581.55
581.551
581.552
581.729
581.873
581.941
582.067
582.262
582.308
582.382
582.521
582.526
582.598
582.629
582.744
582.839
583.024
583.06
583.142
583.592
583.628
584.728
584.956
584.998
585.045
585.144
585.145
585.157
585.157
585.296
585.467
585.496
585.639
585.675
585.733
585.829
585.907
586.079
586.08
586.08
586.081
586.317
586.439
586.443
586.444
586.54
586.584
587.027
587.164
587.164
587.176
587.177
587.177
587.386
587.412
588.803
588.803
588.861
589.085
589.108
589.113
590.209
590.209
590.397
590.398
590.827
590.83
590.83
590.885
590.885
590.886
591.063
591.108
591.147
591.223
591.461
591.47
591.508
591.509
591.526
591.545
591.561
591.62
591.703
591.706
591.776
591.875
591.976
592.114
592.239
592.27
592.285
592.484
592.512
592.742
593.035
593.15
593.15
593.398
593.807
594.02
594.021
594.152
594.212
594.769
594.81
595.149
595.257
595.259
595.26
595.474
595.587
595.685
596.201
596.272
596.489
596.843
596.844
596.997
597.228
598.006
598.395
599.106
599.111
599.221
599.304
599.347
599.533
599.536
599.757
599.823
599.871
600.849
601.062
601.368
601.453
601.489
602.187
603.157
603.159
603.233
603.59
604.225
604.226
604.258
604.851
605.869
606.252
606.253
606.291
606.322
606.53
606.727
606.811
606.881
606.924
607.209
607.463
607.559
607.56
607.833
608.073
608.108
608.209
608.713
609.014
609.142
609.189
609.751
609.803
610.081
610.088
610.193
610.196
610.274
610.283
610.319
610.503
610.503
610.569
610.769
610.771
611.153
611.367
611.482
611.628
611.662
611.662
612.321
612.526
612.532
612.701
612.701
612.824
613.156
613.458
613.458
613.94
614.064
614.455
614.531
614.611
615.129
615.427
615.481
615.505
615.508
615.658
615.863
616.07
616.731
616.955
617.747
617.772
617.976
618.461
618.461
618.816
619.464
619.567
619.627
619.654
619.878
620.009
620.311
621.781
622.261
622.512
622.569
622.569
622.638
622.639
622.98
622.989
623.12
623.452
623.518
623.518
623.6
623.602
624.074
624.129
624.132
624.134
624.174
624.176
624.922
625.086
625.281
625.834
626.118
626.445
626.831
626.831
627.487
627.49
628.164
629.359
629.397
629.41
629.429
629.43
629.474
629.546
629.559
629.561
629.566
629.566
629.772
629.772
629.78
629.81
629.858
629.858
629.923
630.022
630.461
630.464
631.1
631.178
631.222
631.541
632.487
632.584
632.584
632.776
632.855
633.358
634.19
634.397
634.398
634.515
634.545
634.602
634.686
634.694
635.116
635.117
635.138
635.227
635.24
635.555
635.726
635.762
635.764
636.162
636.286
636.357
636.898
636.903
637.02
638.952
638.954
638.977
639.475
639.518
640.588
640.589
642.846
642.847
642.848
642.971
642.971
642.972
642.988
643.046
643.097
643.138
643.146
643.148
643.156
643.158
643.249
643.269
643.46
644.227
644.395
645.242
645.96
646.265
646.772
647.502
647.814
647.819
647.848
647.849
648.086
648.197
648.288
648.385
648.534
648.569
648.57
648.57
648.634
648.649
648.651
648.754
649.426
649.55
649.555
649.56
649.66
649.661
649.709
649.985
650.3
650.396
650.399
650.438
650.679
651.805
651.805
651.905
651.959
651.982
652.452
652.504
652.528
652.776
653.652
653.94
653.94
654.077
654.419
654.558
654.703
654.708
654.849
654.93
654.955
655.045
655.363
655.558
655.598
655.618
655.626
655.882
655.914
655.998
656.489
656.489
656.791
657.137
657.365
658.203
658.204
658.63
658.84
658.842
658.858
659.178
659.415
659.687
659.814
659.814
659.958
659.98
660.054
660.054
660.143
660.3
660.552
661.125
661.466
661.948
661.95
661.984
662.269
662.545
662.594
662.839
663.515
663.837
663.864
663.866
663.867
663.888
663.962
664.016
664.374
664.4
664.621
664.878
664.885
664.888
664.944
665.618
665.635
665.818
666.033
666.313
666.325
666.602
666.603
666.712
666.854
666.966
667.014
667.203
667.335
667.431
667.448
667.929
667.93
668.057
668.057
668.657
668.659
668.707
668.788
668.834
668.834
669.101
669.101
669.218
669.379
669.379
669.614
669.628
669.628
669.644
669.646
669.71
669.805
669.806
670.137
670.328
670.328
670.342
670.344
670.347
670.347
670.38
670.647
671.174
671.58
671.616
671.636
671.636
671.645
671.736
671.805
671.931
672.332
672.474
672.5
672.533
672.573
672.644
672.645
672.876
672.876
672.877
672.878
672.881
673.096
673.34
673.422
673.423
673.521
673.689
673.69
673.691
673.691
673.771
673.823
673.856
673.952
673.953
673.956
674.128
674.129
674.129
674.134
674.202
674.479
674.537
674.538
674.722
674.765
674.801
674.833
675.198
675.325
675.326
675.372
675.373
675.413
675.483
675.781
675.781
675.835
675.854
675.99
675.998
675.998
676.013
676.069
676.311
676.524
676.613
676.651
676.757
676.806
677.107
677.303
677.459
677.46
677.461
677.496
677.608
677.654
677.657
677.769
678.112
678.116
678.398
678.559
678.718
679.192
679.195
679.552
679.611
679.747
680.216
680.217
680.319
680.543
680.677
681.11
681.292
681.919
682.9
683.377
683.498
683.94
683.972
684.054
684.529
684.535
684.801
684.889
685.381
685.381
685.987
686.31
686.313
686.446
686.832
686.858
686.861
687.22
687.226
687.457
687.457
687.459
687.46
687.46
687.478
687.481
688.249
688.488
689.011
689.132
689.247
689.7
689.755
689.79
689.808
689.81
689.83
689.831
689.865
689.866
689.901
689.902
689.928
690.282
690.329
690.33
690.574
690.575
690.719
690.719
691.117
691.117
691.152
691.359
692.036
692.046
692.211
692.362
692.364
692.391
692.392
692.512
692.554
692.598
692.632
692.878
692.88
692.891
693.19
694.184
694.187
694.247
694.247
694.26
694.42
694.426
694.426
694.576
694.746
694.811
694.866
694.866
694.91
694.956
694.957
695.224
695.225
695.526
695.549
696.152
696.375
696.511
696.522
696.529
696.563
696.671
696.673
696.78
696.828
696.929
697.202
697.347
697.402
697.404
697.405
697.406
697.51
697.513
697.513
697.951
697.98
697.981
698.328
699.589
700.308
700.308
700.944
701.001
701.034
701.16
701.5
701.584
701.869
702.323
702.334
702.334
702.425
702.426
702.431
702.433
702.434
702.727
702.729
702.989
703.21
703.649
704.128
704.181
704.249
704.311
704.351
705.174
705.175
705.292
705.352
705.365
705.367
705.369
705.434
705.611
705.613
705.613
705.637
705.656
705.656
705.863
705.864
706.064
706.14
706.255
706.296
706.46
706.462
706.47
706.48
706.48
706.556
706.656
706.811
707.011
707.015
707.09
707.289
707.29
707.29
707.4
707.4
707.54
707.54
707.869
707.869
707.869
707.937
707.939
708.127
708.129
708.255
708.321
708.44
708.745
708.81
708.883
708.885
708.885
708.894
709.095
709.148
709.439
709.516
710.029
710.094
710.099
710.422
710.424
710.648
710.732
710.772
711.15
711.281
711.396
712.089
712.089
712.375
712.395
712.396
712.809
712.881
712.904
713.003
714.746
715.393
715.842
716.096
716.11
716.278
716.396
716.424
718.201
719.008
719.012
719.198
719.201
719.203
719.206
719.324
719.497
719.686
719.984
720.028
720.072
720.699
720.704
720.793
721.048
721.054
721.054
721.203
721.239
721.252
721.362
721.796
721.939
721.965
722.084
722.086
722.122
722.309
722.612
722.63
722.63
722.872
723.087
723.656
724.072
724.588
725.376
725.469
725.657
725.913
726.001
726.925
726.935
726.976
727.077
727.078
727.537
727.693
728.213
728.238
728.284
728.917
729.122
729.124
729.137
729.206
729.839
730.021
730.021
730.081
730.088
730.089
730.224
730.487
730.489
730.489
730.504
730.685
730.691
731.053
731.055
731.184
731.403
731.769
731.822
731.883
731.936
731.939
731.94
732.128
732.164
732.204
732.277
732.701
732.987
733.562
733.591
734.043
734.043
734.137
734.167
734.41
734.671
734.672
734.759
734.771
734.774
734.776
734.881
735.266
735.465
735.596
735.597
735.597
735.697
735.844
735.923
735.925
735.937
736.233
736.273
736.51
736.512
736.592
736.666
736.666
738.332
738.48
738.489
738.673
738.715
738.982
738.984
739.179
739.253
739.36
739.36
739.364
739.367
739.378
739.42
739.426
739.427
739.513
739.582
739.583
739.654
739.815
739.947
740.031
740.031
740.074
740.143
740.2
740.769
740.849
741.109
741.232
741.239
741.319
741.405
741.626
741.723
741.753
742.158
742.252
742.273
742.324
742.369
742.476
742.478
742.722
742.725
742.885
742.986
742.988
743.012
743.153
743.205
743.213
743.326
744.718
744.801
744.884
745.007
745.052
745.111
745.185
745.241
745.517
745.55
745.55
745.719
746.045
746.062
746.116
746.316
746.578
746.58
746.582
746.63
746.631
746.669
746.878
746.879
746.879
746.91
746.935
748.48
748.875
748.924
749.108
749.108
749.109
749.293
749.293
749.499
749.5
749.539
750.384
750.728
750.811
750.812
750.812
751.841
752.121
752.132
752.637
752.842
752.843
752.875
752.91
752.945
752.99
753.928
754.14
754.172
754.423
755.061
755.394
755.492
755.539
755.541
755.542
755.631
755.696
756.054
756.098
756.106
756.245
756.687
756.714
756.715
756.903
757.222
757.225
757.261
757.413
757.413
757.598
757.666
757.917
758.177
758.177
758.353
758.652
758.676
758.748
759.844
759.845
759.846
759.9
760.04
760.095
760.316
760.839
760.868
760.94
761.397
761.854
761.855
761.984
762.58
762.701
762.703
762.898
762.926
762.926
762.927
762.932
763.243
763.611
763.847
763.853
763.871
764.459
764.582
764.802
764.854
765.215
765.353
765.73
765.732
765.831
765.832
766.421
766.799
766.809
767.163
767.469
767.469
767.699
767.942
768.277
768.398
768.627
768.689
768.764
769.039
769.039
769.08
769.793
769.87
770.177
770.458
770.979
771.077
771.087
771.225
771.283
771.295
771.298
771.628
772.158
772.159
772.249
772.36
772.592
772.592
772.829
772.83
772.83
772.833
772.834
772.836
772.958
773.309
773.32
773.356
773.359
773.985
774.022
774.031
774.119
774.354
774.401
774.749
774.749
774.75
774.959
775.236
775.236
775.422
775.783
775.887
775.914
776.011
776.317
776.886
777.098
777.214
777.567
777.828
778.621
779.056
779.117
779.214
779.361
779.402
779.774
779.787
779.816
779.981
779.982
779.986
780.144
780.243
780.535
780.538
780.559
780.604
780.887
781.055
781.123
781.394
781.456
781.457
781.631
781.631
781.64
781.793
781.798
781.874
781.887
781.89
781.911
782.114
782.176
782.212
782.231
782.232
782.232
782.333
782.342
782.39
782.406
782.501
782.663
782.668
782.936
782.985
783.084
783.304
783.309
783.48
783.543
783.551
783.791
784.05
784.224
784.224
784.501
784.507
784.508
784.514
784.861
784.862
784.869
784.912
784.913
784.918
784.95
785.114
785.21
785.21
785.211
785.409
785.523
785.59
786.048
786.054
786.133
786.328
786.364
786.377
786.439
786.496
786.58
786.602
786.706
786.707
787.131
787.155
787.155
787.156
787.18
787.787
787.964
788.037
788.24
788.242
788.242
788.662
788.734
789.146
789.198
789.206
789.28
789.29
789.29
789.315
789.382
789.385
789.423
789.535
789.596
789.599
789.746
789.789
790.325
790.425
790.638
790.644
790.736
790.945
792.361
792.668
792.669
792.669
792.682
792.934
793.025
793.055
793.055
794.029
794.532
794.534
794.564
794.565
795.112
795.551
795.704
796.633
796.685
796.708
796.83
796.907
797.313
797.401
797.55
798.039
798.112
798.269
798.477
799.028
799.424
799.442
799.474
799.545
799.709
799.71
799.772
800.307
800.307
800.308
800.401
800.409
800.471
800.475
800.803
801.11
801.111
801.111
801.31
801.554
801.573
801.992
802.044
802.112
802.117
802.615
802.658
802.707
802.868
803.138
803.412
803.54
803.546
804.165
804.322
804.38
804.454
804.536
804.571
804.574
804.699
804.791
804.916
804.918
805.027
805.141
805.185
805.359
805.618
805.619
805.638
805.641
805.662
805.759
805.895
805.923
806.046
806.05
806.152
806.152
806.154
806.48
806.482
807.463
807.758
807.763
808.122
808.19
808.292
808.384
808.405
808.406
808.472
808.473
808.473
808.82
808.845
809.042
809.043
809.28
809.64
809.64
809.803
810.225
810.324
810.505
810.744
810.744
810.744
810.807
810.909
810.969
811.114
811.66
811.675
812.23
812.473
813.975
814.138
814.139
814.139
814.218
814.372
814.786
814.925
814.936
815.141
815.166
815.38
815.672
815.822
815.865
815.866
815.958
815.959
816.08
816.126
816.127
816.307
816.363
816.541
816.693
816.718
816.72
817.489
817.62
817.745
817.942
817.943
817.993
818.014
818.214
818.24
818.243
818.545
818.549
818.56
818.967
819.343
819.527
821.379
821.406
821.738
821.818
821.819
821.86
821.891
821.94
821.941
821.996
822.323
822.702
822.928
822.972
823.098
823.271
823.275
824.125
824.219
824.436
824.554
824.556
827.887
827.89
828.093
828.142
828.21
828.387
828.387
828.389
828.601
828.702
828.702
828.731
829.26
829.707
829.844
830.112
830.319
830.343
830.435
830.573
830.574
830.705
830.708
831.349
831.903
832.032
832.454
832.467
832.469
832.5
832.501
832.59
833.544
833.545
833.549
833.573
833.573
833.879
834.141
834.151
834.205
834.373
834.374
834.595
834.631
834.634
834.831
834.993
835.025
836.214
836.353
836.559
836.91
836.914
836.984
837.161
837.383
837.417
837.541
837.692
837.853
838.111
838.235
838.235
838.244
838.375
838.375
838.497
838.7
838.701
838.704
839.337
839.338
839.392
839.563
839.67
839.839
839.911
840.017
840.631
840.74
840.742
841.087
841.088
841.105
841.8
841.925
841.926
841.964
842.458
842.5
842.756
843.326
843.327
843.328
843.328
843.373
844.379
844.394
844.968
844.991
845.055
845.065
845.116
845.118
845.125
845.256
846.356
846.361
846.633
846.633
846.803
846.878
847.015
847.374
847.501
847.67
847.701
847.707
847.747
847.747
847.748
847.854
847.862
847.9
847.942
848.134
848.251
848.438
848.442
848.488
848.612
848.99
848.992
849.614
849.68
850.194
850.895
850.896
850.898
850.898
850.94
851.298
851.424
851.426
851.458
851.6
851.937
852.486
852.488
852.814
853.171
853.737
853.953
853.962
853.983
854.008
854.104
854.106
854.33
854.379
854.538
854.538
854.539
854.539
854.879
854.978
854.981
854.981
854.989
855.185
856.094
856.124
856.861
857.033
857.11
857.138
857.175
857.29
857.29
857.511
857.57
857.672
857.672
857.692
857.693
857.768
858.025
858.127
858.291
858.291
858.292
858.786
859.195
859.299
859.303
859.304
859.445
859.509
859.511
859.622
859.626
859.691
859.859
860.129
860.263
860.265
860.408
860.475
861.074
861.076
861.738
861.84
861.841
861.841
861.844
862.227
862.363
862.499
862.594
862.615
862.619
862.62
862.988
863.31
863.662
863.779
863.857
863.907
864.328
864.401
864.421
865.279
866.001
866.784
866.83
866.908
867.115
867.115
867.117
867.118
867.316
867.318
867.512
867.638
867.86
867.93
867.931
867.932
867.95
868.05
868.084
868.359
868.843
868.843
869.052
869.081
869.084
870.038
870.041
870.043
870.045
870.101
870.114
870.122
870.165
870.535
870.645
871.226
871.754
871.789
871.889
871.889
871.951
871.952
871.993
872.079
872.342
872.49
872.59
872.658
872.858
873.557
873.826
873.913
874.419
874.482
874.539
874.54
874.629
874.819
874.884
875.515
875.515
875.599
875.6
875.749
876.13
876.13
876.253
876.253
876.253
876.551
876.553
876.582
876.948
877.216
877.432
877.552
878.085
878.119
878.12
878.156
878.269
878.319
878.645
878.822
878.822
878.824
879.016
879.391
879.608
879.656
879.722
879.812
880.334
880.355
880.586
880.591
881.248
881.499
881.501
881.501
881.584
881.981
882.027
882.073
882.25
882.251
882.274
882.392
882.425
882.467
882.47
882.748
882.986
883.017
883.315
883.619
883.62
884.372
884.382
884.384
884.412
884.433
884.445
884.523
884.525
884.526
884.543
884.575
884.576
884.74
885.52
885.534
885.645
885.741
885.744
885.784
885.903
885.947
886.293
886.673
886.828
886.893
887.065
887.067
887.358
887.36
887.399
887.413
887.414
887.474
887.503
887.513
887.646
887.692
887.907
888.035
888.039
888.363
888.364
888.494
888.559
888.665
888.665
888.893
889.265
889.267
889.267
889.317
889.407
889.798
889.799
889.8
889.8
889.922
890.098
890.132
890.132
890.133
890.275
890.368
890.843
890.89
890.921
890.987
891.151
891.157
891.157
891.16
891.334
891.774
891.973
892.23
892.859
892.86
892.952
893.161
893.181
893.183
893.185
893.188
893.194
893.466
893.466
893.509
894.089
894.157
894.664
894.694
895.015
895.034
895.089
895.117
896.072
896.1
896.708
896.937
897.005
897.237
897.942
898.048
898.186
898.231
898.772
899.166
899.202
899.22
899.987
900.193
900.219
900.51
900.563
900.62
901.28
901.443
901.444
901.512
901.512
901.519
901.605
901.79
901.79
902.042
902.684
902.757
903.499
903.746
903.755
903.756
903.758
903.813
903.886
903.894
903.926
904.245
904.251
904.363
904.505
904.573
904.623
904.788
904.868
904.986
904.986
905.073
905.195
905.196
905.333
905.334
905.336
905.373
905.397
906.097
906.098
907.095
907.097
907.316
907.316
907.881
907.881
907.882
907.924
908.121
908.415
909.038
909.652
909.667
910.079
910.201
910.265
910.376
910.421
910.551
910.606
910.608
910.77
911.379
911.38
911.477
911.906
912.007
912.199
913.335
913.358
913.359
913.644
913.787
914.097
915.817
915.817
916.533
916.916
917.125
917.321
917.519
917.543
917.658
917.823
918.037
918.131
918.527
918.636
919.402
919.418
919.652
919.804
919.956
919.99
920.088
920.563
920.663
921.043
921.149
921.345
921.352
921.44
921.474
921.475
921.664
921.762
921.947
921.952
921.958
922.06
922.141
922.162
922.181
922.324
922.569
922.638
922.641
922.699
922.727
922.742
922.755
922.915
923.231
923.237
923.238
923.313
923.465
923.478
923.478
923.876
923.879
924.01
924.165
924.187
924.554
924.679
924.681
924.743
924.77
925.328
925.474
925.478
925.637
925.638
925.638
925.729
926.419
926.609
926.609
927.127
927.22
927.644
927.781
928.109
928.111
928.494
928.688
928.755
928.756
929.332
929.356
929.358
929.36
929.436
929.438
929.439
929.476
929.477
929.587
929.663
929.663
929.698
929.7
929.798
929.826
930.077
930.093
930.095
930.116
930.304
930.466
930.569
930.614
930.718
930.718
930.766
931.349
931.352
931.673
931.836
931.847
931.888
931.89
931.89
931.903
931.903
932.067
932.069
932.108
932.467
932.755
932.958
933.185
933.442
933.49
933.73
933.731
934.245
934.388
934.426
934.544
934.985
935.144
936.066
936.361
936.427
936.568
936.62
937.448
937.463
937.664
937.919
938.124
938.264
939.404
939.448
940.416
940.416
940.602
940.659
941.105
941.684
941.956
941.997
941.998
942.211
942.23
943.613
943.641
943.675
944.096
944.239
944.24
944.347
944.792
944.835
944.871
944.919
944.938
945.307
945.331
945.555
945.609
945.89
945.969
946.232
946.24
946.75
946.776
946.91
947.031
947.052
947.124
947.234
947.39
947.426
947.427
947.487
947.514
947.516
947.531
947.981
948.131
948.373
948.373
948.474
948.495
948.504
948.519
948.573
948.761
948.902
948.984
949.356
949.369
949.372
949.479
949.554
949.59
949.636
949.85
949.887
949.926
949.969
950.227
950.232
950.332
950.336
950.757
950.759
950.759
950.805
950.807
950.811
950.812
950.813
950.931
951.072
951.076
951.097
951.254
951.389
951.414
951.86
952.027
952.027
952.056
952.345
952.433
952.435
952.802
952.802
953.298
953.36
953.414
953.416
953.75
953.951
954.581
954.583
954.584
954.802
955.001
955.002
955.083
955.096
955.2
955.393
955.673
955.698
955.955
956.07
957.057
957.157
957.157
957.159
957.762
957.772
957.787
957.788
957.814
957.85
958.018
958.646
958.646
958.647
958.923
959.054
959.338
959.342
959.344
959.416
959.46
959.654
960.047
960.052
960.123
960.28
960.281
960.544
960.545
960.61
960.743
961.332
961.365
961.393
961.404
961.887
961.948
962.068
962.11
962.445
962.447
962.514
962.608
962.612
963.081
963.163
964.602
964.648
964.656
964.708
964.71
964.71
964.753
964.756
964.775
964.934
965.049
965.171
965.172
965.178
965.18
965.43
965.475
965.713
965.822
966.08
966.322
966.443
966.444
966.541
966.617
966.68
967.014
967.015
967.016
967.018
967.023
967.023
967.208
967.209
967.392
967.583
967.626
967.816
967.867
967.869
967.871
968.039
968.042
968.079
968.116
968.117
968.505
968.941
969.6
970.028
970.031
970.119
970.213
970.682
970.964
971.336
971.949
972.076
972.361
972.364
972.414
972.726
972.727
973.249
973.342
973.856
973.858
973.862
974.082
974.187
974.451
974.97
975.042
975.043
975.261
975.465
975.53
975.739
975.74
975.769
975.771
976.009
977.669
977.905
978.781
978.781
978.782
979.596
979.61
979.642
979.709
979.845
980.188
980.229
980.661
980.744
980.748
980.804
980.826
981.265
981.265
981.429
981.674
981.784
981.882
981.935
982.023
982.423
982.448
982.732
982.795
982.985
983.012
983.147
983.315
983.467
983.53
983.667
983.672
983.697
983.843
983.915
984.399
984.401
984.412
984.94
985.059
985.282
985.312
985.412
985.427
985.475
985.516
985.596
985.731
985.731
985.874
986.07
986.156
986.161
986.49
986.589
986.59
986.681
986.939
986.939
987.311
987.927
987.927
987.93
988.084
988.251
988.252
988.635
988.635
988.637
989.167
989.167
989.676
989.707
989.787
990.684
990.709
990.709
990.775
990.777
990.8
991.382
991.52
991.521
991.849
992.015
992.117
992.281
992.588
993.036
993.474
993.474
993.557
993.559
993.562
993.724
993.726
993.973
994.04
994.451
994.452
994.454
994.658
994.712
994.736
994.775
994.883
994.888
995.049
995.049
995.146
995.154
995.272
995.946
996.013
996.129
996.13
996.516
996.519
996.519
996.53
996.531
996.575
996.642
996.698
996.825
997.049
997.265
997.324
997.535
997.768
997.881
998.034
998.131
998.187
998.526
998.526
998.527
998.528
998.53
998.607
999.115
999.323
999.325
999.437
999.575
999.769
999.77
999.77
999.778
1000.24
1000.54
1000.55
1000.69
1000.8
1001.3
1001.3
1001.59
1001.7
1001.7
1001.91
1001.97
1002.27
1002.27
1002.56
1002.78
1002.94
1002.99
1003.22
1003.38
1003.45
1003.45
1003.58
1003.7
1004.33
1004.84
1005.38
1005.44
1005.47
1005.81
1005.81
1005.83
1005.97
1006.03
1006.22
1006.75
1007.08
1007.14
1008.07
1008.07
1008.08
1008.08
1008.21
1008.24
1008.27
1008.5
1008.51
1008.51
1008.52
1008.65
1008.65
1008.81
1009.07
1009.35
1009.79
1009.92
1009.92
1010.02
1010.51
1010.57
1010.57
1010.62
1010.85
1010.85
1011.54
1011.88
1011.98
1012.06
1012.2
1012.4
1012.42
1012.8
1012.9
1012.9
1012.91
1012.91
1012.94
1013.01
1013.43
1013.43
1013.43
1013.55
1014.98
1014.98
1015.56
1015.66
1015.68
1015.68
1015.7
1015.73
1015.73
1016.14
1016.58
1016.71
1016.83
1016.89
1016.99
1017.04
1017.25
1017.65
1017.98
1017.98
1017.99
1017.99
1018.23
1018.23
1018.48
1018.66
1018.99
1019.28
1019.28
1019.41
1019.45
1019.46
1019.47
1019.68
1019.72
1019.76
1019.8
1019.89
1020.03
1020.03
1020.03
1020.22
1020.23
1020.24
1020.31
1020.31
1020.36
1020.36
1020.41
1020.41
1020.41
1020.42
1021.2
1021.21
1021.38
1021.49
1021.49
1021.64
1021.65
1021.77
1021.78
1021.86
1021.96
1021.98
1022.19
1022.42
1022.62
1022.65
1022.71
1022.93
1023.04
1023.04
1023.08
1023.08
1023.3
1023.3
1023.34
1023.48
1023.65
1023.95
1023.96
1023.96
1024
1024.01
1024.08
1024.11
1024.31
1024.31
1024.4
1024.43
1024.64
1024.66
1024.84
1024.84
1024.93
1024.94
1025.18
1025.29
1025.3
1025.54
1025.55
1025.57
1025.58
1026.35
1026.6
1026.83
1027.4
1027.44
1027.56
1027.56
1027.64
1027.75
1027.94
1028.02
1028.03
1028.18
1028.18
1028.25
1028.34
1028.64
1028.67
1028.68
1029.09
1029.75
1029.75
1029.84
1029.98
1030.69
1030.69
1030.79
1031.11
1031.39
1031.43
1031.55
1031.62
1031.69
1031.87
1031.88
1031.89
1032.16
1032.16
1032.23
1032.24
1032.24
1032.34
1032.35
1032.37
1032.41
1032.84
1033.13
1033.13
1033.38
1033.93
1033.95
1033.95
1034.08
1034.25
1034.3
1034.52
1035.12
1035.45
1035.45
1035.45
1035.55
1035.67
1035.74
1035.74
1035.84
1035.94
1036.26
1036.51
1036.59
1036.88
1036.94
1037.09
1037.1
1037.16
1037.23
1037.26
1037.32
1037.52
1037.87
1037.87
1038.07
1038.07
1038.07
1038.1
1038.15
1038.16
1038.86
1039.03
1039.05
1039.11
1039.27
1039.3
1039.64
1039.64
1039.67
1039.67
1039.71
1039.73
1039.85
1039.85
1039.85
1039.86
1039.86
1039.86
1039.95
1040.37
1040.43
1040.47
1040.99
1041.18
1041.25
1041.28
1041.47
1041.47
1041.51
1041.69
1041.69
1041.8
1041.89
1041.9
1041.98
1042.06
1042.18
1042.23
1042.37
1042.45
1042.45
1042.55
1042.98
1042.98
1043.27
1043.28
1043.6
1043.6
1043.7
1043.81
1043.82
1043.82
1044.06
1044.08
1044.08
1044.14
1044.23
1044.23
1044.34
1044.83
1044.95
1045.01
1045.09
1045.47
1045.54
1045.54
1045.54
1045.97
1046.05
1046.05
1046.11
1046.12
1046.12
1046.19
1046.25
1046.43
1046.5
1046.5
1046.72
1046.87
1047.18
1047.21
1047.21
1047.26
1047.32
1047.38
1047.54
1047.54
1047.54
1047.54
1047.58
1047.61
1047.62
1047.9
1048.06
1048.16
1048.36
1048.4
1048.57
1048.84
1048.85
1048.87
1049.19
1049.24
1049.37
1049.46
1049.46
1049.47
1049.47
1049.48
1049.48
1049.53
1049.9
1049.95
1050.11
1050.25
1050.61
1050.68
1050.69
1050.85
1051.26
1051.42
1051.43
1051.8
1051.91
1052.26
1052.55
1052.6
1052.78
1052.78
1053.2
1053.57
1053.7
1054.72
1054.85
1054.89
1054.94
1055.2
1055.35
1055.38
1055.38
1055.46
1055.47
1055.47
1055.52
1055.66
1055.83
1056
1056.18
1056.37
1056.38
1056.47
1056.51
1056.62
1056.82
1056.82
1056.84
1056.84
1056.85
1057.01
1057.02
1057.07
1057.16
1057.25
1057.75
1057.76
1058.17
1058.22
1058.33
1058.39
1058.4
1058.46
1058.52
1058.56
1058.56
1058.56
1058.56
1058.57
1058.89
1059.11
1059.34
1059.34
1059.34
1059.46
1059.73
1059.78
1059.78
1059.78
1059.78
1059.86
1059.89
1060.38
1060.47
1060.47
1060.47
1060.47
1060.59
1060.59
1060.6
1060.66
1060.77
1060.77
1060.77
1060.83
1060.83
1060.97
1060.97
1062.89
1062.89
1062.89
1063.56
1063.56
1063.76
1065.02
1065.02
1065.09
1065.31
1065.72
1066.51
1066.58
1067.04
1067.23
1067.31
1067.75
1067.87
1068.24
1068.51
1068.6
1068.74
1068.91
1068.99
1069
1069.34
1069.65
1069.95
1069.95
1070.09
1070.2
1070.21
1070.35
1070.35
1070.52
1070.52
1070.77
1070.86
1070.93
1070.93
1071.05
1071.45
1071.47
1071.51
1071.51
1071.71
1072.2
1072.25
1072.44
1072.46
1072.46
1072.54
1072.7
1072.75
1072.75
1072.78
1072.82
1072.9
1072.9
1073.29
1073.29
1073.29
1073.29
1073.44
1073.55
1073.63
1073.64
1073.86
1073.86
1074.91
1074.98
1075
1075.74
1076.05
1076.28
1076.75
1076.75
1076.75
1076.75
1076.75
1077.07
1077.22
1077.64
1077.74
1077.77
1077.93
1077.93
1078.04
1078.04
1078.11
1078.27
1078.28
1078.37
1078.37
1078.48
1078.73
1078.79
1078.87
1078.87
1079.88
1080.06
1080.12
1080.22
1080.28
1080.37
1080.38
1080.39
1080.7
1080.72
1080.98
1080.98
1081.16
1081.16
1081.22
1081.27
1081.36
1081.62
1081.62
1081.72
1081.72
1081.8
1081.83
1081.91
1081.97
1082.17
1082.17
1082.84
1082.84
1082.84
1082.91
1082.91
1083.26
1083.41
1083.67
1083.69
1083.73
1083.77
1083.81
1084.01
1084.1
1084.55
1084.6
1084.61
1084.79
1086.04
1086.21
1086.37
1086.52
1086.79
1086.81
1086.82
1087.1
1087.1
1087.11
1087.11
1087.11
1087.12
1087.26
1087.53
1087.58
1087.59
1087.65
1087.8
1087.8
1087.8
1087.94
1088.22
1088.22
1088.79
1088.79
1088.8
1088.88
1090.59
1090.59
1090.66
1090.68
1090.74
1091.13
1091.13
1091.26
1092.01
1093.55
1093.56
1093.56
1093.56
1094.47
1094.71
1094.73
1094.74
1094.81
1094.85
1095.04
1095.09
1095.17
1095.44
1095.56
1095.68
1095.9
1096.08
1096.08
1096.24
1096.25
1096.26
1096.28
1096.29
1096.29
1096.65
1096.72
1096.73
1096.81
1097.3
1097.66
1097.96
1098.02
1098.02
1098.43
1098.88
1098.91
1099.2
1099.29
1099.61
1099.91
1100.51
1100.52
1100.52
1100.67
1101.03
1101.05
1101.21
1101.36
1101.57
1101.62
1101.75
1101.75
1102.16
1102.16
1102.16
1102.18
1102.64
1102.69
1102.7
1102.7
1102.89
1103.35
1103.35
1103.81
1104.01
1104.04
1104.04
1104.16
1104.35
1105
1105
1105
1105.01
1105.01
1105.37
1105.47
1105.6
1105.61
1105.61
1105.73
1105.9
1105.9
1106.04
1106.04
1106.07
1106.07
1106.23
1106.25
1106.25
1106.27
1106.39
1106.39
1106.46
1106.64
1106.64
1106.67
1106.7
1106.77
1107.5
1107.68
1107.97
1108.02
1108.53
1108.56
1108.6
1108.65
1108.76
1108.84
1108.89
1108.89
1109.25
1109.36
1109.36
1109.44
1109.95
1109.95
1110.2
1110.21
1110.21
1110.31
1110.32
1110.32
1110.6
1110.6
1110.8
1110.96
1110.96
1111.16
1111.37
1111.39
1111.43
1111.47
1111.47
1111.47
1111.47
1111.49
1111.68
1112.27
1112.74
1112.75
1112.75
1113.34
1113.4
1113.66
1113.74
1113.91
1113.93
1114.08
1114.17
1114.17
1114.17
1114.17
1114.24
1114.32
1114.6
1114.94
1115.03
1115.03
1115.49
1116.3
1116.6
1117.27
1118.03
1118.27
1118.5
1118.82
1118.82
1118.91
1118.98
1119.01
1119.1
1119.1
1119.1
1119.17
1119.29
1119.29
1120.07
1120.07
1120.36
1120.64
1120.81
1121.45
1121.45
1121.45
1122.13
1122.22
1122.22
1122.31
1122.32
1122.32
1122.59
1122.59
1122.59
1122.62
1122.62
1122.63
1122.73
1122.8
1123.04
1123.6
1125.38
1125.83
1125.99
1126.02
1126.29
1126.29
1126.4
1126.48
1126.54
1126.55
1126.75
1127.3
1127.4
1127.51
1127.68
1127.71
1128.02
1128.1
1128.11
1128.56
1129.02
1129.02
1129.11
1129.13
1129.3
1129.6
1129.67
1130.23
1130.82
1130.83
1130.87
1130.93
1130.93
1131.03
1131.03
1131.03
1131.04
1131.48
1131.81
1132.14
1132.14
1132.17
1132.25
1132.35
1132.67
1133.21
1133.21
1133.24
1133.28
1133.28
1133.4
1133.82
1134.08
1134.44
1134.54
1134.7
1135.07
1135.09
1135.22
1135.34
1135.51
1135.61
1135.85
1135.97
1136.03
1136.03
1136.31
1136.44
1136.71
1136.72
1136.78
1136.81
1136.99
1137.09
1137.43
1137.83
1137.97
1137.98
1138.13
1138.21
1138.25
1138.26
1138.27
1138.31
1138.83
1138.84
1138.84
1138.84
1139.14
1139.14
1139.29
1139.88
1139.99
1140.28
1140.31
1140.71
1141.16
1141.33
1141.64
1141.71
1141.72
1141.81
1141.84
1142.1
1142.1
1142.1
1142.11
1142.11
1142.24
1142.29
1142.39
1142.46
1142.47
1142.58
1142.62
1143.14
1143.22
1143.22
1143.3
1143.55
1143.61
1143.73
1143.73
1143.89
1143.96
1144.15
1144.15
1144.15
1144.29
1145.02
1145.02
1145.02
1145.26
1145.49
1145.78
1145.85
1145.85
1146
1146.04
1146.04
1146.2
1146.25
1146.26
1146.41
1146.52
1146.58
1146.59
1147.03
1147.03
1147.13
1147.29
1147.59
1147.71
1147.71
1147.97
1148.06
1148.06
1148.06
1148.09
1148.26
1148.27
1148.43
1148.65
1148.98
1148.99
1149.27
1149.27
1149.35
1149.43
1150.71
1150.8
1150.88
1150.88
1151.19
1151.64
1151.83
1151.83
1151.83
1151.96
1152.15
1152.55
1152.55
1152.55
1152.63
1152.74
1152.81
1152.86
1153.32
1153.7
1153.75
1154.18
1154.49
1154.57
1155.96
1156.22
1156.24
1156.29
1156.37
1156.37
1156.37
1156.66
1156.73
1157.03
1157.13
1157.14
1157.17
1157.21
1157.28
1157.76
1157.76
1157.82
1157.96
1158.07
1158.07
1158.35
1158.35
1158.38
1158.38
1158.48
1158.53
1158.58
1158.78
1159.33
1159.4
1159.44
1160.66
1160.79
1160.82
1160.82
1161.24
1161.54
1161.55
1161.7
1161.7
1162.02
1162.02
1162.29
1162.3
1162.3
1163.51
1163.57
1163.93
1163.98
1164
1164.01
1164.01
1164.41
1164.43
1164.52
1164.52
1164.54
1164.85
1164.93
1165.22
1165.22
1165.24
1165.39
1165.39
1165.4
1165.57
1165.58
1165.67
1165.67
1166.13
1166.15
1166.52
1166.57
1166.96
1167.17
1167.62
1167.62
1167.72
1167.73
1167.74
1167.77
1167.79
1167.94
1168
1168
1168.73
1168.78
1168.81
1169.29
1169.53
1170.44
1170.54
1170.66
1170.75
1171.06
1171.19
1171.8
1172.01
1172.44
1172.47
1172.56
1172.91
1173.05
1173.13
1173.14
1173.15
1173.15
1173.37
1173.99
1173.99
1174.04
1174.07
1174.27
1174.27
1174.29
1174.4
1174.91
1174.96
1175.02
1175.04
1175.05
1175.12
1175.12
1175.13
1175.14
1175.68
1175.68
1175.7
1175.84
1175.88
1175.9
1175.9
1176.09
1176.09
1176.64
1176.64
1176.64
1176.64
1176.66
1177.18
1177.4
1177.42
1177.42
1177.56
1177.59
1178.4
1178.4
1179.18
1179.19
1179.67
1179.67
1180.42
1180.42
1180.42
1180.53
1180.53
1180.54
1180.94
1180.94
1181.27
1181.27
1181.28
1181.47
1181.63
1181.77
1181.77
1181.85
1181.91
1181.91
1181.98
1182.41
1182.41
1182.41
1182.42
1182.42
1182.98
1183.09
1183.1
1183.16
1183.18
1183.18
1183.39
1183.93
1184.05
1184.14
1184.25
1184.26
1184.36
1184.37
1184.54
1184.54
1184.54
1184.63
1184.63
1184.81
1184.95
1184.98
1185.74
1185.75
1185.82
1185.9
1186.11
1186.16
1186.26
1186.27
1186.63
1186.63
1186.78
1186.89
1186.9
1186.9
1187.04
1187.07
1187.13
1187.17
1187.28
1187.38
1187.59
1187.93
1187.97
1188.04
1188.11
1188.56
1188.85
1189.21
1189.21
1189.29
1189.31
1189.32
1189.44
1189.69
1189.77
1189.83
1189.83
1189.83
1190.31
1190.37
1190.39
1190.42
1190.42
1190.72
1190.93
1190.93
1190.97
1191.16
1191.27
1191.27
1191.27
1192.34
1192.37
1192.38
1192.39
1192.43
1192.43
1192.43
1192.79
1193.13
1193.2
1193.26
1193.29
1193.32
1193.32
1193.55
1193.55
1194.12
1194.12
1194.15
1194.2
1194.25
1194.49
1194.51
1194.6
1194.65
1194.7
1194.82
1194.82
1194.82
1194.87
1194.92
1195.04
1195.13
1195.16
1195.2
1195.35
1195.36
1195.38
1195.4
1195.65
1195.87
1195.87
1196.05
1196.36
1197.41
1197.61
1197.62
1197.62
1197.72
1197.91
1198.06
1198.32
1198.66
1199.34
1199.43
1199.44
1199.45
1199.45
1199.45
1199.54
1199.54
1199.59
1199.67
1199.69
1199.97
1200.01
1200.04
1200.04
1200.04
1200.37
1200.68
1200.8
1200.8
1200.93
1200.93
1201.04
1201.1
1201.53
1202
1202
1202.01
1202.58
1202.78
1202.78
1202.94
1202.99
1202.99
1202.99
1203.78
1203.78
1204.07
1204.1
1204.1
1204.1
1204.24
1204.32
1204.43
1204.83
1204.92
1205.15
1205.16
1205.16
1205.82
1206.04
1206.11
1206.12
1206.77
1206.8
1206.8
1206.8
1206.81
1206.81
1206.85
1206.88
1206.88
1206.88
1206.95
1207.02
1207.26
1207.3
1207.38
1207.56
1207.72
1207.99
1208.08
1208.08
1208.21
1208.24
1208.73
1208.73
1208.9
1208.9
1209.06
1209.21
1209.39
1209.39
1209.54
1209.71
1209.78
1209.88
1209.89
1209.99
1209.99
1210.15
1210.22
1210.32
1210.36
1210.47
1210.47
1210.59
1210.73
1210.78
1210.78
1211.17
1211.27
1211.27
1211.39
1211.39
1211.4
1211.47
1211.47
1211.64
1211.64
1211.68
1211.68
1211.69
1211.69
1211.74
1211.85
1212.07
1212.24
1212.24
1212.34
1212.37
1212.45
1212.59
1212.6
1212.82
1214.23
1214.33
1215.28
1215.28
1215.28
1215.38
1215.39
1215.62
1215.97
1216.41
1216.41
1216.86
1217.58
1219.1
1219.1
1219.1
1219.13
1219.15
1219.51
1219.51
1219.68
1220.02
1220.08
1220.27
1220.46
1220.66
1220.72
1220.89
1221.09
1221.43
1221.55
1221.89
1221.93
1221.98
1222.34
1222.5
1222.53
1222.58
1222.87
1223
1224.35
1224.35
1224.76
1225.31
1225.67
1225.71
1226.36
1226.53
1226.53
1226.54
1226.68
1226.68
1226.85
1227
1227.44
1227.44
1227.45
1227.55
1227.72
1228.09
1229.33
1229.67
1229.68
1229.99
1230
1230.25
1230.25
1230.28
1230.5
1230.5
1230.63
1230.79
1230.79
1231.21
1231.21
1231.21
1231.22
1231.34
1231.48
1231.79
1232.74
1232.83
1232.97
1232.99
1233.12
1233.34
1233.51
1233.61
1233.68
1235.63
1235.77
1236.1
1236.3
1236.3
1236.3
1236.32
1236.46
1236.48
1236.56
1236.62
1237.25
1237.26
1237.33
1237.38
1237.41
1237.49
1237.51
1237.51
1237.87
1238.1
1238.66
1239.06
1239.47
1239.7
1240.12
1240.12
1240.13
1240.28
1240.55
1240.69
1240.72
1240.73
1240.73
1241.15
1241.21
1241.36
1241.42
1241.42
1241.59
1242.44
1242.57
1242.57
1242.57
1242.64
1242.65
1242.96
1243.23
1243.86
1244.41
1244.41
1244.67
1244.75
1244.83
1245.08
1246
1246.01
1246.12
1246.12
1246.25
1246.33
1247.08
1247.09
1247.15
1247.15
1247.2
1247.58
1248.47
1249.39
1249.39
1250.33
1250.33
1250.47
1250.52
1250.61
1250.7
1250.87
1251.39
1251.39
1251.45
1251.48
1251.51
1251.78
1252.08
1252.08
1252.12
1252.12
1252.23
1252.24
1252.41
1252.41
1252.65
1252.71
1252.9
1253.03
1253.16
1253.74
1253.82
1254.16
1254.22
1254.32
1254.35
1254.41
1254.41
1254.43
1254.57
1254.67
1254.87
1255.19
1255.19
1255.19
1255.56
1255.71
1255.71
1256.41
1256.69
1256.99
1256.99
1257.41
1257.73
1257.92
1257.92
1257.93
1257.93
1257.95
1257.98
1258.06
1258.06
1258.22
1258.5
1258.78
1258.78
1258.78
1259.16
1259.17
1259.53
1259.53
1259.53
1259.98
1260.71
1260.79
1260.92
1260.95
1261.02
1261.06
1261.07
1261.42
1261.42
1261.91
1262.02
1262.17
1262.24
1262.31
1262.31
1262.33
1262.41
1262.41
1263.11
1263.68
1264.49
1264.91
1265.11
1265.12
1265.52
1265.81
1265.81
1265.98
1265.98
1265.98
1265.98
1266.08
1266.1
1266.1
1266.11
1266.15
1266.15
1266.43
1266.79
1266.85
1266.85
1266.97
1266.98
1267.7
1267.7
1267.71
1267.83
1267.83
1267.83
1267.83
1267.83
1267.84
1267.95
1268.54
1268.61
1269.1
1269.12
1269.51
1269.51
1269.51
1269.52
1269.86
1269.87
1270.09
1271.08
1271.08
1271.08
1271.09
1271.36
1271.37
1271.39
1271.4
1272.27
1272.28
1272.3
1272.36
1272.61
1272.62
1273.39
1274.55
1274.55
1274.6
1274.84
1274.97
1275.92
1276.05
1276.06
1276.43
1276.62
1277.22
1277.28
1277.28
1277.28
1277.49
1277.49
1277.49
1277.82
1278.08
1278.08
1278.31
1278.32
1278.48
1278.62
1278.9
1279.06
1279.22
1279.52
1280
1280.14
1280.85
1281.02
1281.02
1281.07
1281.07
1281.41
1281.67
1282.57
1282.62
1283.02
1283.02
1283.02
1283.04
1283.35
1283.37
1283.52
1283.57
1283.69
1283.73
1283.77
1283.89
1283.91
1285.06
1285.08
1285.1
1285.1
1285.42
1285.56
1285.59
1285.61
1285.91
1285.92
1285.92
1286.04
1286.07
1286.07
1286.38
1286.46
1286.94
1286.94
1287.41
1287.46
1287.56
1287.56
1287.59
1287.69
1287.72
1287.74
1287.76
1287.76
1288.11
1288.18
1288.63
1288.68
1288.71
1288.94
1289.85
1289.86
1290.12
1290.6
1290.95
1291.12
1291.14
1291.82
1291.89
1292.41
1292.46
1292.81
1292.89
1292.91
1293.06
1293.89
1294.46
1294.48
1294.5
1294.5
1294.88
1294.89
1294.94
1295.02
1295.18
1295.31
1295.38
1295.47
1295.7
1296.22
1296.41
1296.75
1296.88
1296.88
1296.89
1297.05
1297.11
1297.39
1297.87
1298.08
1298.08
1298.24
1298.24
1298.48
1298.55
1299.39
1299.39
1299.44
1299.46
1299.52
1299.61
1300.39
1300.46
1300.73
1300.79
1300.95
1301.14
1301.3
1301.3
1301.47
1301.47
1301.47
1301.52
1301.52
1301.8
1301.88
1301.93
1301.93
1302.05
1302.09
1302.09
1302.1
1302.1
1302.1
1302.34
1302.55
1302.69
1302.75
1302.99
1303.06
1303.06
1303.22
1303.52
1303.99
1304
1304.06
1304.31
1304.31
1304.34
1304.35
1304.88
1305.09
1305.49
1305.49
1305.49
1305.72
1306.15
1306.15
1306.15
1306.61
1307.14
1307.14
1307.22
1307.22
1307.22
1307.26
1307.26
1307.35
1307.41
1307.43
1307.61
1307.61
1307.64
1307.69
1307.78
1308.39
1309.3
1310
1310.16
1310.16
1310.17
1310.36
1310.36
1310.36
1310.49
1310.49
1310.5
1310.56
1310.58
1310.73
1311.2
1311.33
1311.33
1311.33
1311.94
1311.95
1311.95
1311.95
1312.24
1312.25
1312.3
1312.3
1312.79
1313.32
1314.71
1314.71
1315.39
1315.45
